0	[0.0003903  0.00067449 0.00197843]
1	[0.0003903  0.00067449 0.00197843]
2	[0.0003903  0.00067449 0.00197843]
3	[0.0003903  0.00067449 0.00126518]
4	[0.0003903  0.00067449 0.00126518]
5	[0.0003903  0.00067449 0.00126518]
6	[0.0003903  0.00067449 0.00126518]
7	[0.0003903  0.00067449 0.00049726]
8	[0.0003903  0.00067449 0.00049726]
9	[0.0003903  0.00067449 0.00049726]
10	[0.0003903  0.00067449 0.00049726]
11	[0.0003903  0.00067449 0.00049726]
12	[0.0003903  0.00067449 0.00049726]
13	[0.0003903  0.00067449 0.00049726]
14	[0.0003903  0.00067449 0.00049726]
15	[0.0003903  0.00043922 0.00045401]
16	[0.0003903  0.00043922 0.00045401]
17	[0.0003903  0.00043922 0.00045401]
18	[0.0003903  0.00043922 0.00045401]
19	[0.0003903  0.00043922 0.00045401]
20	[0.0003903  0.00043922 0.00045401]
21	[0.0003903  0.00043922 0.00045401]
22	[0.0003903  0.00043922 0.00045401]
23	[0.0003903  0.00043922 0.00045401]
24	[0.0003903  0.00043922 0.00045401]
25	[0.0003903  0.00043922 0.00042098]
26	[0.0003903  0.00043922 0.00042098]
27	[0.0003903  0.00043922 0.00042098]
28	[0.0003903  0.00043922 0.00042098]
29	[0.0003903  0.00043922 0.00042098]
30	[0.0003903  0.00022681 0.00042098]
31	[0.00038336 0.00022681 0.00042098]
32	[0.00038336 0.00022681 0.00011377]
33	[0.00038336 0.00022681 0.00011377]
34	[0.00038336 0.00022681 0.0001137 ]
35	[0.00038242 0.00022681 0.0001137 ]
36	[0.00038242 0.00022681 0.0001137 ]
37	[0.00038242 0.00022681 0.0001137 ]
38	[0.00038242 0.00022681 0.0001137 ]
39	[0.00038242 0.00022681 0.0001137 ]
40	[0.00019253 0.00022681 0.0001137 ]
41	[0.00019253 0.00022681 0.0001137 ]
42	[0.00019253 0.00022681 0.0001137 ]
43	[0.00019253 0.00022681 0.0001137 ]
44	[0.00019253 0.00022681 0.0001137 ]
45	[0.00019253 0.00022681 0.0001137 ]
46	[0.00019253 0.00022681 0.0001137 ]
47	[0.00019253 0.00022681 0.0001137 ]
48	[0.00019253 0.00022681 0.0001137 ]
49	[0.00019253 0.00022681 0.0001137 ]
50	[0.00019253 0.00022681 0.0001137 ]
51	[0.00018847 0.00022681 0.0001137 ]
52	[0.00018847 0.00022681 0.0001137 ]
53	[0.00018847 0.00022681 0.0001137 ]
54	[0.00018847 0.00022681 0.0001137 ]
55	[0.00018847 0.00022681 0.0001137 ]
56	[0.00018847 0.00022681 0.0001137 ]
57	[0.00018847 0.00019066 0.0001137 ]
58	[0.00018847 0.00019066 0.0001137 ]
59	[0.00018847 0.00019066 0.0001137 ]
60	[0.00018847 0.00018226 0.0001137 ]
61	[0.00018847 0.00018226 0.0001137 ]
62	[0.00018847 0.00018226 0.0001137 ]
63	[0.00018847 0.00018226 0.0001137 ]
64	[0.00018847 0.00010393 0.0001137 ]
65	[0.00018847 0.00010393 0.0001137 ]
66	[0.00018847 0.00010393 0.0001137 ]
67	[0.00018847 0.00010393 0.0001137 ]
68	[0.00018847 0.00010393 0.0001137 ]
69	[0.00018847 0.00010393 0.0001137 ]
70	[0.00018847 0.00010393 0.0001137 ]
71	[0.00018847 0.00010393 0.0001137 ]
72	[0.00018847 0.00010393 0.0001137 ]
73	[0.00018847 0.00010393 0.0001137 ]
74	[0.00018847 0.00010393 0.0001137 ]
75	[0.00018847 0.00010393 0.0001137 ]
76	[0.00018847 0.00010393 0.0001137 ]
77	[0.00018847 0.00010393 0.0001137 ]
78	[0.00018847 0.00010393 0.0001137 ]
79	[0.00016356 0.00010393 0.0001137 ]
80	[0.00016356 0.00010393 0.0001137 ]
81	[0.00016356 0.00010393 0.0001137 ]
82	[0.00016356 0.00010393 0.0001137 ]
83	[0.00016356 0.00010393 0.0001137 ]
84	[0.00016356 0.00010393 0.0001137 ]
85	[0.0001558  0.00010393 0.0001137 ]
86	[0.0001558  0.00010353 0.0001137 ]
87	[0.0001558  0.00010353 0.0001137 ]
88	[0.0001558  0.00010353 0.0001137 ]
89	[0.0001558  0.00010353 0.0001137 ]
90	[0.0001558  0.00010353 0.0001137 ]
91	[0.0001558  0.00010353 0.0001137 ]
92	[0.0001558  0.00010353 0.0001137 ]
93	[0.0001558  0.00010353 0.0001137 ]
94	[0.00013391 0.00010353 0.0001137 ]
95	[0.00011709 0.00010353 0.0001137 ]
96	[0.00011709 0.00010353 0.0001137 ]
97	[0.00011709 0.00010353 0.0001137 ]
98	[0.00011709 0.00010353 0.0001137 ]
99	[0.00011709 0.00010353 0.0001137 ]
100	[0.00011709 0.00010353 0.0001137 ]
101	[0.00011709 0.00010353 0.0001137 ]
102	[0.00011709 0.00010353 0.0001137 ]
103	[0.00011709 0.00010353 0.0001137 ]
104	[0.00011709 0.00010353 0.0001137 ]
105	[0.00011709 0.00010353 0.0001137 ]
106	[0.00011709 0.00010353 0.0001137 ]
107	[0.00011709 0.00010353 0.0001137 ]
108	[0.00011709 0.00010353 0.0001137 ]
109	[0.00011709 0.00010353 0.0001137 ]
110	[0.00011709 0.00010353 0.0001137 ]
111	[0.00011709 0.00010353 0.0001137 ]
112	[0.00011709 0.00010353 0.0001137 ]
113	[0.00011709 0.00010353 0.0001137 ]
114	[0.00011709 0.00010353 0.0001137 ]
115	[0.00011709 0.00010353 0.0001137 ]
116	[0.00011709 0.00010353 0.0001137 ]
117	[1.07622861e-04 1.03533686e-04 9.98016918e-05]
118	[1.07622861e-04 1.03533686e-04 9.98016918e-05]
119	[1.07622861e-04 1.03533686e-04 9.98016918e-05]
120	[1.07622861e-04 1.03533686e-04 9.98016918e-05]
121	[1.07622861e-04 1.03533686e-04 9.98016918e-05]
122	[1.07622861e-04 1.03533686e-04 9.98016918e-05]
123	[1.07622861e-04 1.03533686e-04 9.98016918e-05]
124	[1.07622861e-04 1.03533686e-04 9.98016918e-05]
125	[1.07622861e-04 1.03533686e-04 9.98016918e-05]
126	[1.07622861e-04 1.03533686e-04 9.98016918e-05]
127	[1.07622861e-04 1.03533686e-04 9.98016918e-05]
128	[1.07622861e-04 1.03533686e-04 9.98016918e-05]
129	[1.05525787e-04 1.03533686e-04 9.98016918e-05]
130	[1.05525787e-04 1.03533686e-04 9.98016918e-05]
131	[1.05525787e-04 1.03533686e-04 9.98016918e-05]
132	[1.05525787e-04 1.03533686e-04 9.98016918e-05]
133	[1.05525787e-04 1.03533686e-04 9.98016918e-05]
134	[1.05525787e-04 1.03533686e-04 9.98016918e-05]
135	[1.05525787e-04 1.03533686e-04 9.98016918e-05]
136	[1.05525787e-04 1.03533686e-04 9.98016918e-05]
137	[1.05525787e-04 1.03533686e-04 9.98016918e-05]
138	[1.05525787e-04 1.03533686e-04 9.98016918e-05]
139	[1.05525787e-04 1.03533686e-04 9.98016918e-05]
140	[1.05525787e-04 1.03533686e-04 9.98016918e-05]
141	[1.05525787e-04 1.03533686e-04 9.98016918e-05]
142	[9.20465780e-05 1.03533686e-04 9.98016918e-05]
143	[9.20465780e-05 1.03533686e-04 9.98016918e-05]
144	[9.20465780e-05 1.03533686e-04 9.98016918e-05]
145	[9.20465780e-05 1.03533686e-04 9.98016918e-05]
146	[9.20465780e-05 9.97103704e-05 9.98016918e-05]
147	[9.20465780e-05 9.97103704e-05 9.98016918e-05]
148	[9.20465780e-05 9.97103704e-05 9.98016918e-05]
149	[9.20465780e-05 9.97103704e-05 9.98016918e-05]
150	[9.20465780e-05 9.97103704e-05 9.98016918e-05]
151	[9.20465780e-05 9.97103704e-05 9.98016918e-05]
152	[9.20465780e-05 9.97103704e-05 9.98016918e-05]
153	[9.20465780e-05 9.97103704e-05 9.98016918e-05]
154	[9.20465780e-05 9.97103704e-05 9.98016918e-05]
155	[9.20465780e-05 9.97103704e-05 9.98016918e-05]
156	[9.20465780e-05 9.97103704e-05 9.98016918e-05]
157	[9.20465780e-05 9.97103704e-05 9.98016918e-05]
158	[9.20465780e-05 9.97103704e-05 9.98016918e-05]
159	[8.88759136e-05 9.97103704e-05 9.98016918e-05]
160	[8.88759136e-05 9.97103704e-05 9.98016918e-05]
161	[8.88759136e-05 9.97103704e-05 9.98016918e-05]
162	[8.88759136e-05 9.97103704e-05 9.98016918e-05]
163	[8.88759136e-05 9.97103704e-05 9.98016918e-05]
164	[8.88759136e-05 9.97103704e-05 9.98016918e-05]
165	[8.88759136e-05 9.97103704e-05 9.98016918e-05]
166	[8.88759136e-05 9.97103704e-05 9.98016918e-05]
167	[8.88759136e-05 9.97103704e-05 9.98016918e-05]
168	[8.88759136e-05 9.97103704e-05 9.98016918e-05]
169	[8.88759136e-05 8.44616572e-05 9.98016918e-05]
170	[8.88759136e-05 8.44616572e-05 9.98016918e-05]
171	[8.88759136e-05 8.44616572e-05 9.98016918e-05]
172	[8.88759136e-05 8.44616572e-05 9.98016918e-05]
173	[8.88759136e-05 8.44616572e-05 9.98016918e-05]
174	[8.88759136e-05 8.44616572e-05 9.98016918e-05]
175	[8.88759136e-05 8.44616572e-05 9.98016918e-05]
176	[8.88759136e-05 8.44616572e-05 9.98016918e-05]
177	[8.88759136e-05 8.44616572e-05 9.98016918e-05]
178	[8.88759136e-05 8.44616572e-05 9.98016918e-05]
179	[8.88759136e-05 8.44616572e-05 9.98016918e-05]
180	[8.88759136e-05 8.44616572e-05 9.98016918e-05]
181	[8.88759136e-05 8.44616572e-05 9.98016918e-05]
182	[8.88759136e-05 8.44616572e-05 9.98016918e-05]
183	[8.88759136e-05 8.44616572e-05 9.98016918e-05]
184	[8.88759136e-05 7.96517557e-05 9.98016918e-05]
185	[8.88759136e-05 7.96517557e-05 9.98016918e-05]
186	[8.88759136e-05 7.96517557e-05 9.98016918e-05]
187	[8.88759136e-05 7.96517557e-05 9.98016918e-05]
188	[8.88759136e-05 7.96517557e-05 9.98016918e-05]
189	[8.88759136e-05 7.96517557e-05 9.98016918e-05]
190	[8.88759136e-05 7.96517557e-05 9.98016918e-05]
191	[8.88759136e-05 7.96517557e-05 9.98016918e-05]
192	[8.88759136e-05 7.96517557e-05 9.97556645e-05]
193	[8.88759136e-05 7.96517557e-05 9.97556645e-05]
194	[8.88759136e-05 7.96517557e-05 9.97556645e-05]
195	[8.88759136e-05 7.96517557e-05 9.97556645e-05]
196	[8.88759136e-05 7.96517557e-05 9.97556645e-05]
197	[8.88759136e-05 7.96517557e-05 9.97556645e-05]
198	[8.88759136e-05 7.96517557e-05 9.97556645e-05]
199	[8.88759136e-05 7.96517557e-05 9.97556645e-05]
200	[8.88759136e-05 7.96517557e-05 9.97556645e-05]
201	[8.88759136e-05 7.96517557e-05 9.97556645e-05]
202	[8.88759136e-05 7.96517557e-05 9.97556645e-05]
203	[8.88759136e-05 7.96517557e-05 9.97556645e-05]
204	[8.88759136e-05 7.96517557e-05 9.97556645e-05]
205	[8.88759136e-05 7.96517557e-05 9.97556645e-05]
206	[8.88759136e-05 7.96517557e-05 9.97556645e-05]
207	[8.88759136e-05 7.96517557e-05 9.97556645e-05]
208	[8.88759136e-05 7.96517557e-05 9.97556645e-05]
209	[8.86223621e-05 7.96517557e-05 9.97556645e-05]
210	[8.86223621e-05 7.96517557e-05 9.97556645e-05]
211	[8.86223621e-05 7.96517557e-05 9.97556645e-05]
212	[8.86223621e-05 7.96517557e-05 9.97556645e-05]
213	[8.86223621e-05 7.96517557e-05 9.97556645e-05]
214	[8.86223621e-05 7.96517557e-05 9.97556645e-05]
215	[8.86223621e-05 7.96517557e-05 9.97556645e-05]
216	[8.86223621e-05 7.96517557e-05 9.97556645e-05]
217	[8.86223621e-05 7.96517557e-05 9.97556645e-05]
218	[8.86223621e-05 7.96517557e-05 9.97556645e-05]
219	[8.86223621e-05 7.91801478e-05 9.97556645e-05]
220	[8.56470726e-05 7.91801478e-05 9.97556645e-05]
221	[8.56470726e-05 7.91801478e-05 9.97556645e-05]
222	[8.56470726e-05 7.91801478e-05 9.97556645e-05]
223	[8.56470726e-05 7.91801478e-05 9.97556645e-05]
224	[8.56470726e-05 7.91801478e-05 9.97556645e-05]
225	[8.56470726e-05 7.91801478e-05 9.48608388e-05]
226	[8.56470726e-05 7.91801478e-05 9.48608388e-05]
227	[8.56470726e-05 7.91801478e-05 9.48608388e-05]
228	[8.56470726e-05 7.91801478e-05 9.48608388e-05]
229	[8.53902327e-05 7.91801478e-05 9.48608388e-05]
230	[8.53902327e-05 7.91801478e-05 9.48608388e-05]
231	[8.53902327e-05 7.91801478e-05 9.48608388e-05]
232	[8.53902327e-05 7.91801478e-05 9.48608388e-05]
233	[8.53902327e-05 7.91801478e-05 9.48608388e-05]
234	[8.53902327e-05 7.91801478e-05 9.48608388e-05]
235	[8.53902327e-05 7.91801478e-05 9.48608388e-05]
236	[8.53902327e-05 7.91801478e-05 9.48608388e-05]
237	[8.53902327e-05 7.91801478e-05 9.48608388e-05]
238	[8.53902327e-05 7.91801478e-05 9.04119277e-05]
239	[8.53902327e-05 7.91801478e-05 9.04119277e-05]
240	[8.53902327e-05 7.91801478e-05 9.04119277e-05]
241	[8.53902327e-05 7.91801478e-05 9.04119277e-05]
242	[8.53902327e-05 7.91801478e-05 9.04119277e-05]
243	[8.53902327e-05 7.91801478e-05 9.04119277e-05]
244	[8.53902327e-05 7.91801478e-05 9.04119277e-05]
245	[8.53902327e-05 7.91801478e-05 9.04119277e-05]
246	[8.53902327e-05 7.91801478e-05 9.04119277e-05]
247	[8.53902327e-05 7.91801478e-05 9.04119277e-05]
248	[8.53902327e-05 7.91801478e-05 9.04119277e-05]
249	[8.53902327e-05 7.91801478e-05 9.04119277e-05]
250	[8.53902327e-05 7.91801478e-05 9.04119277e-05]
251	[8.53902327e-05 7.91801478e-05 9.04119277e-05]
252	[8.53902327e-05 7.91801478e-05 9.04119277e-05]
253	[8.53902327e-05 7.91801478e-05 9.04119277e-05]
254	[8.53902327e-05 7.91801478e-05 9.04119277e-05]
255	[8.53902327e-05 7.91801478e-05 9.04119277e-05]
256	[8.53902327e-05 7.91801478e-05 9.04119277e-05]
257	[8.53902327e-05 7.91801478e-05 9.04119277e-05]
258	[8.53902327e-05 7.91801478e-05 9.04119277e-05]
259	[8.53902327e-05 7.91801478e-05 9.04119277e-05]
260	[8.53902327e-05 7.91801478e-05 9.04119277e-05]
261	[8.53902327e-05 7.91801478e-05 9.04119277e-05]
262	[8.53902327e-05 7.91801478e-05 9.04119277e-05]
263	[8.53902327e-05 7.91801478e-05 9.04119277e-05]
264	[8.53902327e-05 7.91801478e-05 9.04119277e-05]
265	[8.53902327e-05 7.91801478e-05 9.04119277e-05]
266	[8.53902327e-05 7.91801478e-05 9.04119277e-05]
267	[8.53902327e-05 7.91801478e-05 9.04119277e-05]
268	[8.53902327e-05 7.91801478e-05 9.04119277e-05]
269	[8.53902327e-05 7.91801478e-05 9.04119277e-05]
270	[8.53902327e-05 7.91801478e-05 9.04119277e-05]
271	[8.53902327e-05 7.91801478e-05 9.04119277e-05]
272	[8.53902327e-05 7.91801478e-05 9.04119277e-05]
273	[8.53902327e-05 7.91801478e-05 9.04119277e-05]
274	[8.53902327e-05 7.91801478e-05 9.04119277e-05]
275	[8.53902327e-05 7.91801478e-05 9.04119277e-05]
276	[8.53902327e-05 7.91801478e-05 9.04119277e-05]
277	[8.53902327e-05 7.91801478e-05 9.04119277e-05]
278	[8.34476769e-05 7.91801478e-05 9.04119277e-05]
279	[8.34476769e-05 7.91801478e-05 9.04119277e-05]
280	[8.34476769e-05 7.91801478e-05 9.04119277e-05]
281	[8.34476769e-05 7.91801478e-05 9.04119277e-05]
282	[8.34476769e-05 7.91801478e-05 9.04119277e-05]
283	[8.34476769e-05 7.91801478e-05 9.04119277e-05]
284	[8.34476769e-05 7.91801478e-05 9.04119277e-05]
285	[8.34476769e-05 7.91801478e-05 9.04119277e-05]
286	[8.34476769e-05 7.91801478e-05 9.04119277e-05]
287	[8.34476769e-05 7.91801478e-05 9.04119277e-05]
288	[8.34476769e-05 7.91801478e-05 9.04119277e-05]
289	[8.14456658e-05 7.91801478e-05 9.04119277e-05]
290	[8.14456658e-05 7.91801478e-05 9.04119277e-05]
291	[8.14456658e-05 7.91801478e-05 9.04119277e-05]
292	[8.14456658e-05 7.91801478e-05 9.04119277e-05]
293	[8.14456658e-05 7.91801478e-05 9.04119277e-05]
294	[8.14456658e-05 7.91801478e-05 9.04119277e-05]
295	[8.14456658e-05 7.91801478e-05 9.04119277e-05]
296	[8.14456658e-05 7.91801478e-05 9.04119277e-05]
297	[8.14456658e-05 7.91801478e-05 9.04119277e-05]
298	[8.14456658e-05 7.91801478e-05 9.04119277e-05]
299	[8.14456658e-05 7.91801478e-05 9.04119277e-05]
300	[8.14456658e-05 7.91801478e-05 9.04119277e-05]
301	[8.14456658e-05 7.91801478e-05 9.04119277e-05]
302	[8.14456658e-05 7.91801478e-05 9.04119277e-05]
303	[6.98404027e-05 7.91801478e-05 9.04119277e-05]
304	[6.98404027e-05 7.91801478e-05 9.04119277e-05]
305	[6.98404027e-05 7.91801478e-05 9.04119277e-05]
306	[6.98404027e-05 7.91801478e-05 9.04119277e-05]
307	[6.98404027e-05 7.91801478e-05 9.04119277e-05]
308	[6.98404027e-05 7.91801478e-05 9.04119277e-05]
309	[6.98404027e-05 7.91801478e-05 9.04119277e-05]
310	[6.98404027e-05 7.91801478e-05 9.04119277e-05]
311	[6.98404027e-05 7.91801478e-05 9.04119277e-05]
312	[6.98404027e-05 7.91801478e-05 9.04119277e-05]
313	[6.98404027e-05 7.91801478e-05 9.04119277e-05]
314	[6.98404027e-05 7.91801478e-05 9.04119277e-05]
315	[6.98404027e-05 7.91801478e-05 9.04119277e-05]
316	[6.98404027e-05 7.91801478e-05 9.04119277e-05]
317	[6.98404027e-05 7.91801478e-05 8.99846313e-05]
318	[6.98404027e-05 7.91801478e-05 8.99846313e-05]
319	[6.98404027e-05 7.91801478e-05 8.99846313e-05]
320	[6.98404027e-05 7.91801478e-05 8.99846313e-05]
321	[6.98404027e-05 7.91801478e-05 8.99846313e-05]
322	[6.98404027e-05 7.91801478e-05 8.99846313e-05]
323	[6.98404027e-05 7.91801478e-05 8.99846313e-05]
324	[6.98404027e-05 7.91801478e-05 8.99846313e-05]
325	[6.98404027e-05 7.91801478e-05 8.99846313e-05]
326	[6.98404027e-05 7.91801478e-05 8.99846313e-05]
327	[6.98404027e-05 7.91801478e-05 8.99846313e-05]
328	[6.98404027e-05 7.91801478e-05 8.99846313e-05]
329	[6.98404027e-05 7.91801478e-05 8.99846313e-05]
330	[6.98404027e-05 7.91801478e-05 8.99846313e-05]
331	[6.98404027e-05 7.91801478e-05 8.99846313e-05]
332	[6.98404027e-05 7.91801478e-05 8.99846313e-05]
333	[6.98404027e-05 7.91801478e-05 8.99846313e-05]
334	[6.98404027e-05 7.91801478e-05 8.99846313e-05]
335	[6.98404027e-05 7.91801478e-05 8.99846313e-05]
336	[6.98404027e-05 7.91801478e-05 8.99846313e-05]
337	[6.98404027e-05 7.91801478e-05 8.99846313e-05]
338	[6.98404027e-05 7.91801478e-05 8.99846313e-05]
339	[6.98404027e-05 7.91801478e-05 8.99846313e-05]
340	[6.98404027e-05 7.91801478e-05 8.99846313e-05]
341	[6.98404027e-05 7.91801478e-05 8.64666834e-05]
342	[6.98404027e-05 7.91801478e-05 8.64666834e-05]
343	[6.98404027e-05 7.91801478e-05 8.64666834e-05]
344	[6.98404027e-05 7.91801478e-05 8.64666834e-05]
345	[6.98404027e-05 7.91801478e-05 8.64666834e-05]
346	[6.98404027e-05 7.91801478e-05 8.64666834e-05]
347	[6.98404027e-05 7.91801478e-05 8.64666834e-05]
348	[6.98404027e-05 7.91801478e-05 8.64666834e-05]
349	[6.98404027e-05 7.91801478e-05 8.64666834e-05]
350	[6.98404027e-05 7.91801478e-05 8.64666834e-05]
351	[6.98404027e-05 7.91801478e-05 8.64666834e-05]
352	[6.98404027e-05 7.91801478e-05 8.64666834e-05]
353	[6.98404027e-05 7.91801478e-05 8.64666834e-05]
354	[6.98404027e-05 7.91801478e-05 8.64666834e-05]
355	[6.98404027e-05 7.91801478e-05 8.64666834e-05]
356	[6.98404027e-05 7.91801478e-05 8.64666834e-05]
357	[6.98404027e-05 7.91801478e-05 8.64666834e-05]
358	[6.98404027e-05 7.91801478e-05 8.64666834e-05]
359	[6.98404027e-05 7.91801478e-05 8.64666834e-05]
360	[6.98404027e-05 7.91801478e-05 8.64666834e-05]
361	[6.98404027e-05 7.91801478e-05 8.64666834e-05]
362	[6.98404027e-05 7.91801478e-05 8.64666834e-05]
363	[6.98404027e-05 7.91801478e-05 8.64666834e-05]
364	[6.98404027e-05 7.91801478e-05 8.64666834e-05]
365	[6.98404027e-05 7.91801478e-05 8.64666834e-05]
366	[6.98404027e-05 7.91801478e-05 8.64666834e-05]
367	[6.98404027e-05 7.91801478e-05 8.64666834e-05]
368	[6.98404027e-05 7.91801478e-05 8.64666834e-05]
369	[6.98404027e-05 7.91801478e-05 8.64666834e-05]
370	[6.98404027e-05 7.91801478e-05 8.26303564e-05]
371	[6.98404027e-05 7.14338514e-05 8.26303564e-05]
372	[6.98404027e-05 7.14338514e-05 8.26303564e-05]
373	[6.98404027e-05 7.14338514e-05 8.26303564e-05]
374	[6.98404027e-05 7.14075706e-05 8.26303564e-05]
375	[6.98404027e-05 7.14075706e-05 8.26303564e-05]
376	[6.98404027e-05 7.14075706e-05 8.26303564e-05]
377	[6.98404027e-05 7.14075706e-05 8.26303564e-05]
378	[6.98404027e-05 7.14075706e-05 8.26303564e-05]
379	[6.98404027e-05 7.14075706e-05 8.26303564e-05]
380	[6.98404027e-05 7.14075706e-05 8.26303564e-05]
381	[6.98404027e-05 7.14075706e-05 8.26303564e-05]
382	[6.98404027e-05 7.14075706e-05 8.26303564e-05]
383	[6.98404027e-05 7.14075706e-05 8.26303564e-05]
384	[6.98404027e-05 7.14075706e-05 8.26303564e-05]
385	[6.98404027e-05 7.14075706e-05 8.26303564e-05]
386	[6.98404027e-05 7.14075706e-05 8.26303564e-05]
387	[6.98404027e-05 7.14075706e-05 8.26303564e-05]
388	[6.98404027e-05 7.14075706e-05 8.26303564e-05]
389	[6.98404027e-05 7.14075706e-05 8.26303564e-05]
390	[6.98404027e-05 7.14075706e-05 8.26303564e-05]
391	[6.98404027e-05 7.14075706e-05 8.26303564e-05]
392	[6.98404027e-05 7.14075706e-05 8.26303564e-05]
393	[6.98404027e-05 7.14075706e-05 8.26303564e-05]
394	[6.98404027e-05 7.14075706e-05 8.26303564e-05]
395	[6.98404027e-05 7.14075706e-05 8.26303564e-05]
396	[6.98404027e-05 7.14075706e-05 8.26303564e-05]
397	[6.98404027e-05 7.14075706e-05 8.26303564e-05]
398	[6.98404027e-05 7.14075706e-05 8.26303564e-05]
399	[6.98404027e-05 7.14075706e-05 8.26303564e-05]
400	[6.98404027e-05 7.14075706e-05 8.26303564e-05]
401	[6.98404027e-05 7.14075706e-05 8.26303564e-05]
402	[6.98404027e-05 7.14075706e-05 8.26303564e-05]
403	[6.98404027e-05 7.14075706e-05 8.26303564e-05]
404	[6.98404027e-05 7.14075706e-05 8.26303564e-05]
405	[6.98404027e-05 7.14075706e-05 8.26303564e-05]
406	[6.98404027e-05 7.14075706e-05 8.26303564e-05]
407	[6.98404027e-05 7.14075706e-05 8.26303564e-05]
408	[6.98404027e-05 7.14075706e-05 8.26303564e-05]
409	[6.98404027e-05 7.14075706e-05 8.26303564e-05]
410	[6.98404027e-05 7.14075706e-05 8.26303564e-05]
411	[6.98404027e-05 7.14075706e-05 8.26303564e-05]
412	[6.98404027e-05 7.14075706e-05 8.26303564e-05]
413	[6.98404027e-05 7.14075706e-05 8.26303564e-05]
414	[6.98404027e-05 7.14075706e-05 8.26303564e-05]
415	[6.98404027e-05 7.14075706e-05 8.26303564e-05]
416	[6.98404027e-05 7.14075706e-05 8.26303564e-05]
417	[6.98404027e-05 7.14075706e-05 8.26303564e-05]
418	[6.98404027e-05 7.14075706e-05 8.26303564e-05]
419	[6.98404027e-05 7.14075706e-05 8.26303564e-05]
420	[6.98404027e-05 7.14075706e-05 8.26303564e-05]
421	[6.98404027e-05 7.14075706e-05 8.26303564e-05]
422	[6.98404027e-05 7.14075706e-05 8.26303564e-05]
423	[6.98404027e-05 7.14075706e-05 8.26303564e-05]
424	[6.98404027e-05 7.14075706e-05 8.26303564e-05]
425	[6.98404027e-05 7.14075706e-05 8.26303564e-05]
426	[6.98404027e-05 7.14075706e-05 8.26303564e-05]
427	[6.98404027e-05 7.14075706e-05 8.26303564e-05]
428	[6.98404027e-05 7.14075706e-05 8.26303564e-05]
429	[6.98404027e-05 7.14075706e-05 8.26303564e-05]
430	[6.98404027e-05 7.14075706e-05 8.26303564e-05]
431	[6.98404027e-05 7.14075706e-05 8.26303564e-05]
432	[6.98404027e-05 7.14075706e-05 8.26303564e-05]
433	[6.98404027e-05 7.14075706e-05 8.26303564e-05]
434	[6.98404027e-05 7.14075706e-05 7.11757223e-05]
435	[6.98404027e-05 7.14075706e-05 7.11757223e-05]
436	[6.98404027e-05 7.14075706e-05 7.11757223e-05]
437	[6.98404027e-05 7.14075706e-05 7.11757223e-05]
438	[6.98404027e-05 7.14075706e-05 7.11757223e-05]
439	[6.98404027e-05 7.14075706e-05 7.11757223e-05]
440	[6.98280191e-05 7.14075706e-05 7.11757223e-05]
441	[6.98280191e-05 7.14075706e-05 7.11757223e-05]
442	[6.98280191e-05 7.14075706e-05 7.11757223e-05]
443	[6.98280191e-05 7.14075706e-05 7.11757223e-05]
444	[6.98280191e-05 7.14075706e-05 7.11757223e-05]
445	[6.98280191e-05 7.14075706e-05 7.11757223e-05]
446	[6.98280191e-05 7.14075706e-05 7.11757223e-05]
447	[6.98280191e-05 7.14075706e-05 7.11757223e-05]
448	[6.98280191e-05 7.14075706e-05 7.11757223e-05]
449	[6.98280191e-05 7.14075706e-05 7.11757223e-05]
450	[6.98280191e-05 7.14075706e-05 7.11757223e-05]
451	[6.98280191e-05 7.14075706e-05 7.11757223e-05]
452	[6.98280191e-05 7.14075706e-05 7.11757223e-05]
453	[6.98280191e-05 7.14075706e-05 7.11757223e-05]
454	[6.98280191e-05 7.14075706e-05 7.11757223e-05]
455	[6.98280191e-05 7.14075706e-05 7.11757223e-05]
456	[6.98280191e-05 7.14075706e-05 7.11757223e-05]
457	[6.98280191e-05 7.14075706e-05 7.11757223e-05]
458	[6.98280191e-05 7.14075706e-05 7.11757223e-05]
459	[6.98280191e-05 7.14075706e-05 7.11757223e-05]
460	[6.98280191e-05 7.14075706e-05 7.11757223e-05]
461	[6.98280191e-05 7.14075706e-05 7.11757223e-05]
462	[6.98280191e-05 7.14075706e-05 7.11757223e-05]
463	[6.98280191e-05 7.14075706e-05 7.11757223e-05]
464	[6.98280191e-05 7.14075706e-05 7.11757223e-05]
465	[6.98280191e-05 7.14075706e-05 7.11757223e-05]
466	[6.98280191e-05 7.14075706e-05 7.11757223e-05]
467	[6.98280191e-05 7.14075706e-05 7.11757223e-05]
468	[6.98280191e-05 7.14075706e-05 7.11757223e-05]
469	[6.98280191e-05 7.14075706e-05 7.11757223e-05]
470	[6.98280191e-05 7.14075706e-05 7.11757223e-05]
471	[6.98280191e-05 7.14075706e-05 7.11757223e-05]
472	[6.98280191e-05 7.14075706e-05 7.11757223e-05]
473	[6.98280191e-05 7.14075706e-05 7.11757223e-05]
474	[6.98280191e-05 7.14075706e-05 7.11757223e-05]
475	[6.98280191e-05 7.14075706e-05 7.11757223e-05]
476	[6.98280191e-05 7.14075706e-05 7.11757223e-05]
477	[6.98280191e-05 7.14075706e-05 7.11757223e-05]
478	[6.98280191e-05 7.14075706e-05 7.11757223e-05]
479	[6.98280191e-05 7.14075706e-05 7.11757223e-05]
480	[6.98280191e-05 7.14075706e-05 7.11757223e-05]
481	[6.98280191e-05 7.14075706e-05 7.11757223e-05]
482	[6.98280191e-05 7.14075706e-05 7.11757223e-05]
483	[6.98280191e-05 7.14075706e-05 7.11757223e-05]
484	[6.98280191e-05 7.14075706e-05 7.11757223e-05]
485	[6.98280191e-05 7.14075706e-05 7.11757223e-05]
486	[6.98280191e-05 7.14075706e-05 7.11757223e-05]
487	[6.98280191e-05 7.14075706e-05 7.11757223e-05]
488	[6.98280191e-05 7.14075706e-05 7.11757223e-05]
489	[6.98280191e-05 7.14075706e-05 7.11757223e-05]
490	[6.98280191e-05 7.14075706e-05 7.11757223e-05]
491	[6.98280191e-05 7.14075706e-05 7.11757223e-05]
492	[6.98280191e-05 7.14075706e-05 7.11757223e-05]
493	[6.98280191e-05 7.14075706e-05 7.11757223e-05]
494	[6.98280191e-05 7.14075706e-05 7.11757223e-05]
495	[6.98280191e-05 7.14075706e-05 7.11757223e-05]
496	[6.98280191e-05 7.14075706e-05 7.11757223e-05]
497	[6.98280191e-05 7.14075706e-05 7.11757223e-05]
498	[6.98280191e-05 7.14075706e-05 7.11757223e-05]
499	[6.98280191e-05 7.14075706e-05 7.11757223e-05]
500	[6.98280191e-05 7.14075706e-05 7.11757223e-05]
501	[6.98280191e-05 7.14075706e-05 7.11757223e-05]
502	[6.98280191e-05 7.14075706e-05 7.11757223e-05]
503	[6.98280191e-05 7.14075706e-05 7.11757223e-05]
504	[6.98280191e-05 7.14075706e-05 7.11757223e-05]
505	[6.98280191e-05 7.14075706e-05 7.11757223e-05]
506	[6.98280191e-05 7.14075706e-05 7.11757223e-05]
507	[6.98280191e-05 7.14075706e-05 6.94772760e-05]
508	[6.98280191e-05 7.14075706e-05 6.94772760e-05]
509	[6.98280191e-05 7.14075706e-05 6.94772760e-05]
510	[6.98280191e-05 7.14075706e-05 6.94772760e-05]
511	[6.98280191e-05 7.14075706e-05 6.94772760e-05]
512	[6.98280191e-05 7.14075706e-05 6.94772760e-05]
513	[6.98280191e-05 7.14075706e-05 6.89144442e-05]
514	[6.98280191e-05 7.14075706e-05 6.89144442e-05]
515	[6.98280191e-05 7.14075706e-05 6.89144442e-05]
516	[6.98280191e-05 7.14075706e-05 6.89144442e-05]
517	[6.98280191e-05 7.14075706e-05 6.89144442e-05]
518	[6.98280191e-05 7.14075706e-05 6.89144442e-05]
519	[6.98280191e-05 7.14075706e-05 6.89144442e-05]
520	[6.98280191e-05 7.14075706e-05 6.89144442e-05]
521	[6.98280191e-05 7.14075706e-05 6.89144442e-05]
522	[6.98280191e-05 7.14075706e-05 6.89144442e-05]
523	[6.98280191e-05 7.14075706e-05 6.89144442e-05]
524	[6.98280191e-05 7.14075706e-05 6.89144442e-05]
525	[6.98280191e-05 7.14075706e-05 6.89144442e-05]
526	[6.98280191e-05 7.14075706e-05 6.89144442e-05]
527	[6.98280191e-05 7.14075706e-05 6.89144442e-05]
528	[6.98280191e-05 7.14075706e-05 6.89144442e-05]
529	[6.98280191e-05 7.14075706e-05 6.89144442e-05]
530	[6.98280191e-05 7.14075706e-05 6.89144442e-05]
531	[6.98280191e-05 7.14075706e-05 6.89144442e-05]
532	[6.98280191e-05 7.14075706e-05 6.89144442e-05]
533	[6.98280191e-05 7.14075706e-05 6.89144442e-05]
534	[6.98280191e-05 7.14075706e-05 6.89144442e-05]
535	[6.98280191e-05 7.14075706e-05 6.89144442e-05]
536	[6.98280191e-05 7.14075706e-05 6.89144442e-05]
537	[6.98280191e-05 7.14075706e-05 6.89144442e-05]
538	[6.98280191e-05 7.14075706e-05 6.89144442e-05]
539	[6.98280191e-05 7.14075706e-05 6.89144442e-05]
540	[6.98280191e-05 7.14075706e-05 6.89144442e-05]
541	[6.98280191e-05 7.14075706e-05 6.89144442e-05]
542	[6.98280191e-05 7.14075706e-05 6.89144442e-05]
543	[6.98280191e-05 7.14075706e-05 6.89144442e-05]
544	[6.98280191e-05 7.14075706e-05 6.89144442e-05]
545	[6.98280191e-05 7.14075706e-05 6.89144442e-05]
546	[6.98280191e-05 7.14075706e-05 6.89144442e-05]
547	[6.98280191e-05 7.14075706e-05 6.89144442e-05]
548	[6.98280191e-05 7.14075706e-05 6.89144442e-05]
549	[6.98280191e-05 7.14075706e-05 6.89144442e-05]
550	[6.98280191e-05 7.14075706e-05 6.89144442e-05]
551	[6.98280191e-05 7.14075706e-05 6.89144442e-05]
552	[6.98280191e-05 7.14075706e-05 6.89144442e-05]
553	[6.98280191e-05 7.14075706e-05 6.89144442e-05]
554	[6.98280191e-05 7.14075706e-05 6.89144442e-05]
555	[6.98280191e-05 7.14075706e-05 6.89144442e-05]
556	[6.98280191e-05 7.14075706e-05 6.89144442e-05]
557	[6.98280191e-05 7.14075706e-05 6.89144442e-05]
558	[6.98280191e-05 7.14075706e-05 6.89144442e-05]
559	[6.98280191e-05 7.14075706e-05 6.89144442e-05]
560	[6.98280191e-05 7.14075706e-05 6.89144442e-05]
561	[6.98280191e-05 7.14075706e-05 6.89144442e-05]
562	[6.98280191e-05 7.14075706e-05 6.89144442e-05]
563	[6.98280191e-05 7.14075706e-05 6.89144442e-05]
564	[6.98280191e-05 7.14075706e-05 6.89144442e-05]
565	[6.98280191e-05 7.14075706e-05 6.89144442e-05]
566	[6.98280191e-05 7.14075706e-05 6.89144442e-05]
567	[6.98280191e-05 7.14075706e-05 6.89144442e-05]
568	[6.98280191e-05 7.14075706e-05 6.89144442e-05]
569	[6.98280191e-05 7.14075706e-05 6.89144442e-05]
570	[6.98280191e-05 7.14075706e-05 6.89144442e-05]
571	[6.98280191e-05 7.14075706e-05 6.89144442e-05]
572	[6.98280191e-05 7.14075706e-05 6.89144442e-05]
573	[6.98280191e-05 7.14075706e-05 6.89144442e-05]
574	[6.98280191e-05 7.14075706e-05 6.89144442e-05]
575	[6.98280191e-05 7.14075706e-05 6.89144442e-05]
576	[6.98280191e-05 7.14075706e-05 6.89144442e-05]
577	[6.98280191e-05 7.14075706e-05 6.89144442e-05]
578	[6.98280191e-05 7.14075706e-05 6.89144442e-05]
579	[6.98280191e-05 7.14075706e-05 6.89144442e-05]
580	[6.98280191e-05 7.14075706e-05 6.89144442e-05]
581	[6.98280191e-05 7.14075706e-05 6.89144442e-05]
582	[6.98280191e-05 7.14075706e-05 6.89144442e-05]
583	[6.98280191e-05 7.14075706e-05 6.57696016e-05]
584	[6.98280191e-05 7.14075706e-05 6.57696016e-05]
585	[6.98280191e-05 7.14075706e-05 6.57696016e-05]
586	[6.98280191e-05 7.14075706e-05 6.57696016e-05]
587	[6.98280191e-05 7.14075706e-05 6.57696016e-05]
588	[6.98280191e-05 7.14075706e-05 6.57696016e-05]
589	[6.98280191e-05 7.14075706e-05 6.57696016e-05]
590	[6.98280191e-05 7.14075706e-05 6.57696016e-05]
591	[6.98280191e-05 7.14075706e-05 6.57696016e-05]
592	[6.98280191e-05 7.14075706e-05 6.57696016e-05]
593	[6.98280191e-05 7.14075706e-05 6.57696016e-05]
594	[6.98280191e-05 7.14075706e-05 6.57696016e-05]
595	[6.98280191e-05 7.14075706e-05 6.57696016e-05]
596	[6.98280191e-05 7.14075706e-05 6.57696016e-05]
597	[6.98280191e-05 7.14075706e-05 6.57696016e-05]
598	[6.98280191e-05 7.14075706e-05 6.57696016e-05]
599	[6.98280191e-05 7.14075706e-05 6.57696016e-05]
600	[6.98280191e-05 7.14075706e-05 6.57696016e-05]
601	[6.98280191e-05 7.14075706e-05 6.57696016e-05]
602	[6.98280191e-05 7.14075706e-05 6.57696016e-05]
603	[6.98280191e-05 7.14075706e-05 6.57696016e-05]
604	[6.98280191e-05 6.97675496e-05 6.57696016e-05]
605	[6.98280191e-05 6.97675496e-05 6.57696016e-05]
606	[6.98280191e-05 6.97675496e-05 6.57696016e-05]
607	[6.98280191e-05 6.97675496e-05 6.57696016e-05]
608	[6.98280191e-05 6.97675496e-05 6.57696016e-05]
609	[6.98280191e-05 6.97675496e-05 6.57696016e-05]
610	[6.98280191e-05 6.97675496e-05 6.57696016e-05]
611	[6.98280191e-05 6.97675496e-05 6.57696016e-05]
612	[6.98280191e-05 6.97675496e-05 6.57696016e-05]
613	[6.98280191e-05 6.97675496e-05 6.57696016e-05]
614	[6.98280191e-05 6.97675496e-05 6.57696016e-05]
615	[6.98280191e-05 6.97675496e-05 6.57696016e-05]
616	[6.98280191e-05 6.97675496e-05 6.57696016e-05]
617	[6.98280191e-05 6.97675496e-05 6.57696016e-05]
618	[6.98280191e-05 6.97675496e-05 6.57696016e-05]
619	[6.98280191e-05 6.97675496e-05 6.57696016e-05]
620	[6.98280191e-05 6.97675496e-05 6.57696016e-05]
621	[6.98280191e-05 6.97675496e-05 6.57696016e-05]
622	[6.98280191e-05 6.97675496e-05 6.57696016e-05]
623	[6.98280191e-05 6.97675496e-05 6.57696016e-05]
624	[6.98280191e-05 6.97675496e-05 6.57696016e-05]
625	[6.98280191e-05 6.97675496e-05 6.57696016e-05]
626	[6.98280191e-05 6.97675496e-05 6.57696016e-05]
627	[6.98280191e-05 6.97675496e-05 6.57696016e-05]
628	[6.98280191e-05 6.97675496e-05 6.57696016e-05]
629	[6.98280191e-05 6.97675496e-05 6.57696016e-05]
630	[6.98280191e-05 6.97675496e-05 6.57696016e-05]
631	[6.98280191e-05 6.97675496e-05 6.57696016e-05]
632	[6.98280191e-05 6.97675496e-05 6.57696016e-05]
633	[6.98280191e-05 6.97675496e-05 6.57696016e-05]
634	[6.98280191e-05 6.97675496e-05 6.57696016e-05]
635	[6.98280191e-05 6.97675496e-05 6.57696016e-05]
636	[6.98280191e-05 6.97675496e-05 6.57696016e-05]
637	[6.98280191e-05 6.97675496e-05 6.57696016e-05]
638	[6.98280191e-05 6.97675496e-05 6.57696016e-05]
639	[6.98280191e-05 6.97675496e-05 6.57696016e-05]
640	[6.98280191e-05 6.97675496e-05 6.57696016e-05]
641	[6.98280191e-05 6.97675496e-05 6.57696016e-05]
642	[6.98280191e-05 6.97675496e-05 6.57696016e-05]
643	[6.98280191e-05 6.97675496e-05 6.57696016e-05]
644	[6.98280191e-05 6.97675496e-05 6.57696016e-05]
645	[6.98280191e-05 6.97675496e-05 6.57696016e-05]
646	[6.98280191e-05 6.97675496e-05 6.57696016e-05]
647	[6.98280191e-05 6.97675496e-05 6.57696016e-05]
648	[6.98280191e-05 6.97675496e-05 6.57696016e-05]
649	[6.98280191e-05 6.97675496e-05 6.57696016e-05]
650	[6.98280191e-05 6.97675496e-05 6.57696016e-05]
651	[6.98280191e-05 6.97675496e-05 6.57696016e-05]
652	[6.98280191e-05 6.97675496e-05 6.57696016e-05]
653	[6.98280191e-05 6.97675496e-05 6.57696016e-05]
654	[6.98280191e-05 6.97675496e-05 6.57696016e-05]
655	[6.98280191e-05 6.97675496e-05 6.57696016e-05]
656	[6.98280191e-05 6.97675496e-05 6.57696016e-05]
657	[6.98280191e-05 6.97675496e-05 6.57696016e-05]
658	[6.98280191e-05 6.97675496e-05 6.57696016e-05]
659	[6.98280191e-05 6.97675496e-05 6.57696016e-05]
660	[6.98280191e-05 6.97675496e-05 6.57696016e-05]
661	[6.98280191e-05 6.97675496e-05 6.57696016e-05]
662	[6.98280191e-05 6.97675496e-05 6.57696016e-05]
663	[6.98280191e-05 6.97675496e-05 6.57696016e-05]
664	[6.98280191e-05 6.97675496e-05 6.57696016e-05]
665	[6.98280191e-05 6.97675496e-05 6.57696016e-05]
666	[6.98280191e-05 6.97675496e-05 6.57696016e-05]
667	[6.98280191e-05 6.97675496e-05 6.57696016e-05]
668	[6.98280191e-05 6.97675496e-05 6.57696016e-05]
669	[6.98280191e-05 6.97675496e-05 6.57696016e-05]
670	[6.98280191e-05 6.97675496e-05 6.57696016e-05]
671	[6.98280191e-05 6.97675496e-05 6.57696016e-05]
672	[6.98280191e-05 6.97675496e-05 6.50031454e-05]
673	[6.98280191e-05 6.97675496e-05 6.50031454e-05]
674	[6.98280191e-05 6.89726790e-05 6.50031454e-05]
675	[6.98280191e-05 6.89726790e-05 6.50031454e-05]
676	[6.98280191e-05 6.89726790e-05 6.50031454e-05]
677	[6.98280191e-05 6.89726790e-05 6.50031454e-05]
678	[6.98280191e-05 6.89726790e-05 6.50031454e-05]
679	[6.98280191e-05 6.89726790e-05 6.50031454e-05]
680	[6.98280191e-05 6.89726790e-05 6.50031454e-05]
681	[6.98280191e-05 6.89726790e-05 6.50031454e-05]
682	[6.98280191e-05 6.89726790e-05 6.50031454e-05]
683	[6.98280191e-05 6.89726790e-05 6.50031454e-05]
684	[6.98280191e-05 6.89726790e-05 6.50031454e-05]
685	[6.98280191e-05 6.89726790e-05 6.50031454e-05]
686	[6.98280191e-05 6.89726790e-05 6.50031454e-05]
687	[6.98280191e-05 6.89726790e-05 6.50031454e-05]
688	[6.98280191e-05 6.89726790e-05 6.50031454e-05]
689	[6.98280191e-05 6.89726790e-05 6.50031454e-05]
690	[6.98280191e-05 6.89726790e-05 6.50031454e-05]
691	[6.98280191e-05 6.89726790e-05 6.50031454e-05]
692	[6.98280191e-05 6.89726790e-05 6.50031454e-05]
693	[6.98280191e-05 6.89726790e-05 6.50031454e-05]
694	[6.98280191e-05 6.89726790e-05 6.50031454e-05]
695	[6.98280191e-05 6.89726790e-05 6.50031454e-05]
696	[6.98280191e-05 6.89726790e-05 6.50031454e-05]
697	[6.98280191e-05 6.89726790e-05 6.50031454e-05]
698	[6.98280191e-05 6.89726790e-05 6.50031454e-05]
699	[6.98280191e-05 6.89726790e-05 6.50031454e-05]
700	[6.98280191e-05 6.89726790e-05 6.50031454e-05]
701	[6.98280191e-05 6.89726790e-05 6.50031454e-05]
702	[6.98280191e-05 6.89726790e-05 6.50031454e-05]
703	[6.98280191e-05 6.89726790e-05 6.50031454e-05]
704	[6.98280191e-05 6.89726790e-05 6.50031454e-05]
705	[6.98280191e-05 6.89726790e-05 6.50031454e-05]
706	[6.98280191e-05 6.89726790e-05 6.50031454e-05]
707	[6.98280191e-05 6.89726790e-05 6.50031454e-05]
708	[6.98280191e-05 6.89726790e-05 6.50031454e-05]
709	[6.98280191e-05 6.89726790e-05 6.50031454e-05]
710	[6.98280191e-05 6.89726790e-05 6.50031454e-05]
711	[6.98280191e-05 6.89726790e-05 6.50031454e-05]
712	[6.98280191e-05 6.89726790e-05 6.50031454e-05]
713	[6.98280191e-05 6.89726790e-05 6.50031454e-05]
714	[6.98280191e-05 6.89726790e-05 6.50031454e-05]
715	[6.98280191e-05 6.89726790e-05 6.50031454e-05]
716	[6.98280191e-05 6.89726790e-05 6.50031454e-05]
717	[6.98280191e-05 6.89726790e-05 6.50031454e-05]
718	[6.98280191e-05 6.89726790e-05 6.50031454e-05]
719	[6.98280191e-05 6.89726790e-05 6.50031454e-05]
720	[6.98280191e-05 6.89726790e-05 6.50031454e-05]
721	[6.98280191e-05 6.89726790e-05 6.50031454e-05]
722	[6.98280191e-05 6.89726790e-05 6.50031454e-05]
723	[6.98280191e-05 6.89726790e-05 6.50031454e-05]
724	[6.98280191e-05 6.89726790e-05 6.50031454e-05]
725	[6.98280191e-05 6.89726790e-05 6.50031454e-05]
726	[6.98280191e-05 6.89726790e-05 6.50031454e-05]
727	[6.98280191e-05 6.89726790e-05 6.50031454e-05]
728	[6.98280191e-05 6.89726790e-05 6.50031454e-05]
729	[6.98280191e-05 6.89726790e-05 6.50031454e-05]
730	[6.98280191e-05 6.89726790e-05 6.50031454e-05]
731	[6.98280191e-05 6.89726790e-05 6.50031454e-05]
732	[6.98280191e-05 6.89726790e-05 6.50031454e-05]
733	[6.98280191e-05 6.89726790e-05 6.50031454e-05]
734	[6.98280191e-05 6.89726790e-05 6.50031454e-05]
735	[6.98280191e-05 6.89726790e-05 6.50031454e-05]
736	[6.98280191e-05 6.89726790e-05 6.50031454e-05]
737	[6.98280191e-05 6.89726790e-05 6.50031454e-05]
738	[6.98280191e-05 6.89726790e-05 6.50031454e-05]
739	[6.98280191e-05 6.89726790e-05 6.50031454e-05]
740	[6.98280191e-05 6.89726790e-05 6.50031454e-05]
741	[6.98280191e-05 6.89726790e-05 6.50031454e-05]
742	[6.98280191e-05 6.89726790e-05 6.50031454e-05]
743	[6.98280191e-05 6.89726790e-05 6.50031454e-05]
744	[6.98280191e-05 6.89726790e-05 6.50031454e-05]
745	[6.98280191e-05 6.89726790e-05 6.50031454e-05]
746	[6.98280191e-05 6.89726790e-05 6.50031454e-05]
747	[6.98280191e-05 6.89726790e-05 6.50031454e-05]
748	[6.98280191e-05 6.89726790e-05 6.50031454e-05]
749	[6.98280191e-05 6.89726790e-05 6.50031454e-05]
750	[6.98280191e-05 6.89726790e-05 6.50031454e-05]
751	[6.98280191e-05 6.89726790e-05 6.50031454e-05]
752	[6.98280191e-05 6.89726790e-05 6.50031454e-05]
753	[6.98280191e-05 6.89726790e-05 6.50031454e-05]
754	[6.98280191e-05 6.89726790e-05 6.50031454e-05]
755	[6.98280191e-05 6.89726790e-05 6.50031454e-05]
756	[6.98280191e-05 6.89726790e-05 6.50031454e-05]
757	[6.98280191e-05 6.89726790e-05 6.50031454e-05]
758	[6.98280191e-05 6.89726790e-05 6.50031454e-05]
759	[6.98280191e-05 6.89726790e-05 6.50031454e-05]
760	[6.98280191e-05 6.89726790e-05 6.50031454e-05]
761	[6.98280191e-05 6.89726790e-05 6.50031454e-05]
762	[6.98280191e-05 6.89726790e-05 6.50031454e-05]
763	[6.98280191e-05 6.89726790e-05 6.50031454e-05]
764	[6.98280191e-05 6.89726790e-05 6.50031454e-05]
765	[6.98280191e-05 6.89726790e-05 6.50031454e-05]
766	[6.98280191e-05 6.89726790e-05 6.50031454e-05]
767	[6.98280191e-05 6.89726790e-05 6.50031454e-05]
768	[6.98280191e-05 6.89726790e-05 6.50031454e-05]
769	[6.98280191e-05 6.89726790e-05 6.50031454e-05]
770	[6.98280191e-05 6.89726790e-05 6.50031454e-05]
771	[6.98280191e-05 6.89726790e-05 6.50031454e-05]
772	[6.98280191e-05 6.89726790e-05 6.50031454e-05]
773	[6.98280191e-05 6.89726790e-05 6.50031454e-05]
774	[6.98280191e-05 6.89726790e-05 6.50031454e-05]
775	[6.98280191e-05 6.89726790e-05 6.50031454e-05]
776	[6.98280191e-05 6.89726790e-05 6.50031454e-05]
777	[6.98280191e-05 6.89726790e-05 6.50031454e-05]
778	[6.98280191e-05 6.89726790e-05 6.50031454e-05]
779	[6.98280191e-05 6.89726790e-05 6.50031454e-05]
780	[6.98280191e-05 6.89726790e-05 6.50031454e-05]
781	[6.98280191e-05 6.89726790e-05 6.50031454e-05]
782	[6.98280191e-05 6.89726790e-05 6.50031454e-05]
783	[6.98280191e-05 6.89726790e-05 6.50031454e-05]
784	[6.98280191e-05 6.89726790e-05 6.50031454e-05]
785	[6.98280191e-05 6.89726790e-05 6.50031454e-05]
786	[6.98280191e-05 6.89726790e-05 6.43832223e-05]
787	[6.98280191e-05 6.89726790e-05 6.43832223e-05]
788	[6.98280191e-05 6.89726790e-05 6.43832223e-05]
789	[6.98280191e-05 6.89726790e-05 6.43832223e-05]
790	[6.98280191e-05 6.89726790e-05 6.43832223e-05]
791	[6.98280191e-05 6.89726790e-05 6.43832223e-05]
792	[6.98280191e-05 6.89726790e-05 6.43832223e-05]
793	[6.98280191e-05 6.89726790e-05 6.43832223e-05]
794	[6.98280191e-05 6.89726790e-05 6.43832223e-05]
795	[6.98280191e-05 6.89726790e-05 6.43832223e-05]
796	[6.98280191e-05 6.89726790e-05 6.43832223e-05]
797	[6.98280191e-05 6.89726790e-05 6.43832223e-05]
798	[6.98280191e-05 6.89726790e-05 6.43832223e-05]
799	[6.98280191e-05 6.89726790e-05 6.43832223e-05]
800	[6.98280191e-05 6.89726790e-05 6.43832223e-05]
801	[6.98280191e-05 6.89726790e-05 6.43832223e-05]
802	[6.89158892e-05 6.89726790e-05 6.43832223e-05]
803	[6.89158892e-05 6.53744315e-05 6.43832223e-05]
804	[6.89158892e-05 6.53744315e-05 6.43832223e-05]
805	[6.89158892e-05 6.53744315e-05 6.43832223e-05]
806	[6.89158892e-05 6.53744315e-05 6.43832223e-05]
807	[6.89158892e-05 6.53744315e-05 6.43832223e-05]
808	[6.89158892e-05 6.53744315e-05 6.43832223e-05]
809	[6.89158892e-05 6.53744315e-05 6.43832223e-05]
810	[6.89158892e-05 6.53744315e-05 6.43832223e-05]
811	[6.89158892e-05 6.53744315e-05 6.43832223e-05]
812	[6.89158892e-05 6.53744315e-05 6.43832223e-05]
813	[6.89158892e-05 6.53744315e-05 6.43832223e-05]
814	[6.89158892e-05 6.53744315e-05 6.43832223e-05]
815	[6.89158892e-05 6.53744315e-05 6.43832223e-05]
816	[6.89158892e-05 6.53744315e-05 6.43832223e-05]
817	[6.89158892e-05 6.53744315e-05 6.43832223e-05]
818	[6.89158892e-05 6.53744315e-05 6.43832223e-05]
819	[6.89158892e-05 6.53744315e-05 6.43832223e-05]
820	[6.89158892e-05 6.53744315e-05 6.43832223e-05]
821	[6.89158892e-05 6.53744315e-05 6.43832223e-05]
822	[6.89158892e-05 6.53744315e-05 6.43832223e-05]
823	[6.89158892e-05 6.53744315e-05 6.43832223e-05]
824	[6.89158892e-05 6.53744315e-05 6.43832223e-05]
825	[6.89158892e-05 6.53744315e-05 6.43832223e-05]
826	[6.89158892e-05 6.53744315e-05 6.43832223e-05]
827	[6.89158892e-05 6.53744315e-05 6.43832223e-05]
828	[6.89158892e-05 6.53744315e-05 6.43832223e-05]
829	[6.89158892e-05 6.53744315e-05 6.43832223e-05]
830	[6.89158892e-05 6.53744315e-05 6.43832223e-05]
831	[6.89158892e-05 6.53744315e-05 6.43832223e-05]
832	[6.89158892e-05 6.53744315e-05 6.43832223e-05]
833	[6.89158892e-05 6.53744315e-05 6.43832223e-05]
834	[6.89158892e-05 6.53744315e-05 6.43832223e-05]
835	[6.89158892e-05 6.53744315e-05 6.43832223e-05]
836	[6.89158892e-05 6.53744315e-05 6.43832223e-05]
837	[6.89158892e-05 6.53744315e-05 6.43832223e-05]
838	[6.89158892e-05 6.53744315e-05 6.43832223e-05]
839	[6.89158892e-05 6.53744315e-05 6.43832223e-05]
840	[6.89158892e-05 6.53744315e-05 6.43832223e-05]
841	[6.89158892e-05 6.53744315e-05 6.43832223e-05]
842	[6.89158892e-05 6.53744315e-05 6.43832223e-05]
843	[6.89158892e-05 6.53744315e-05 6.43832223e-05]
844	[6.89158892e-05 6.53744315e-05 6.43832223e-05]
845	[6.89158892e-05 6.53744315e-05 6.43832223e-05]
846	[6.89158892e-05 6.53744315e-05 6.43832223e-05]
847	[6.89158892e-05 6.53744315e-05 6.43832223e-05]
848	[6.89158892e-05 6.50673072e-05 6.43832223e-05]
849	[6.89158892e-05 6.50673072e-05 6.43832223e-05]
850	[6.89158892e-05 6.50673072e-05 6.43832223e-05]
851	[6.89158892e-05 6.50673072e-05 6.43832223e-05]
852	[6.89158892e-05 6.50673072e-05 6.43832223e-05]
853	[6.89158892e-05 6.50673072e-05 6.43832223e-05]
854	[6.89158892e-05 6.50673072e-05 6.43832223e-05]
855	[6.89158892e-05 6.50673072e-05 6.43832223e-05]
856	[6.89158892e-05 6.50673072e-05 6.43832223e-05]
857	[6.89158892e-05 6.50673072e-05 6.43832223e-05]
858	[6.89158892e-05 6.50673072e-05 6.43832223e-05]
859	[6.89158892e-05 6.50673072e-05 6.43832223e-05]
860	[6.89158892e-05 6.50673072e-05 6.43832223e-05]
861	[6.89158892e-05 6.50673072e-05 6.43832223e-05]
862	[6.89158892e-05 6.50673072e-05 6.43832223e-05]
863	[6.89158892e-05 6.50673072e-05 6.43832223e-05]
864	[6.89158892e-05 6.50673072e-05 6.43832223e-05]
865	[6.89158892e-05 6.50673072e-05 6.43832223e-05]
866	[6.89158892e-05 6.50673072e-05 6.43832223e-05]
867	[6.89158892e-05 6.50673072e-05 6.43832223e-05]
868	[6.89158892e-05 6.50673072e-05 6.43832223e-05]
869	[6.89158892e-05 6.50673072e-05 6.43832223e-05]
870	[6.89158892e-05 6.50673072e-05 6.43832223e-05]
871	[6.89158892e-05 6.50673072e-05 6.43832223e-05]
872	[6.89158892e-05 6.50673072e-05 6.43832223e-05]
873	[6.89158892e-05 6.50673072e-05 6.43832223e-05]
874	[6.89158892e-05 6.50673072e-05 6.43832223e-05]
875	[6.89158892e-05 6.50673072e-05 6.43832223e-05]
876	[6.89158892e-05 6.50673072e-05 6.43832223e-05]
877	[6.89158892e-05 6.50673072e-05 6.43832223e-05]
878	[6.89158892e-05 6.50673072e-05 6.43832223e-05]
879	[6.89158892e-05 6.50673072e-05 6.43832223e-05]
880	[6.89158892e-05 6.50673072e-05 6.43832223e-05]
881	[6.89158892e-05 6.50673072e-05 6.43832223e-05]
882	[6.89158892e-05 6.50673072e-05 6.43832223e-05]
883	[6.89158892e-05 6.50673072e-05 6.43832223e-05]
884	[6.89158892e-05 6.50673072e-05 6.43832223e-05]
885	[6.89158892e-05 6.50673072e-05 6.43832223e-05]
886	[6.89158892e-05 6.50673072e-05 6.43832223e-05]
887	[6.89158892e-05 6.50673072e-05 6.43832223e-05]
888	[6.89158892e-05 6.50673072e-05 6.43832223e-05]
889	[6.89158892e-05 6.50673072e-05 6.43832223e-05]
890	[6.89158892e-05 6.50673072e-05 6.43832223e-05]
891	[6.89158892e-05 6.50673072e-05 6.43832223e-05]
892	[6.89158892e-05 6.50673072e-05 6.43832223e-05]
893	[6.89158892e-05 6.50673072e-05 6.43832223e-05]
894	[6.89158892e-05 6.50673072e-05 6.43832223e-05]
895	[6.89158892e-05 6.50673072e-05 6.43832223e-05]
896	[6.89158892e-05 6.50673072e-05 6.43832223e-05]
897	[6.89158892e-05 6.50673072e-05 6.43832223e-05]
898	[6.89158892e-05 6.50673072e-05 6.43832223e-05]
899	[6.89158892e-05 6.50673072e-05 6.43832223e-05]
900	[6.89158892e-05 6.50673072e-05 6.43832223e-05]
901	[6.89158892e-05 6.50673072e-05 6.43832223e-05]
902	[6.89158892e-05 6.50673072e-05 6.43832223e-05]
903	[6.89158892e-05 6.50673072e-05 6.43832223e-05]
904	[6.89158892e-05 6.50673072e-05 6.43832223e-05]
905	[6.89158892e-05 6.50673072e-05 6.43832223e-05]
906	[6.89158892e-05 6.50673072e-05 6.43832223e-05]
907	[6.89158892e-05 6.50673072e-05 6.43832223e-05]
908	[6.89158892e-05 6.50673072e-05 6.43832223e-05]
909	[6.89158892e-05 6.50673072e-05 6.43832223e-05]
910	[6.89158892e-05 6.50673072e-05 6.43832223e-05]
911	[6.89158892e-05 6.50673072e-05 6.43832223e-05]
912	[6.89158892e-05 6.50673072e-05 6.43832223e-05]
913	[6.89158892e-05 6.50673072e-05 6.43832223e-05]
914	[6.89158892e-05 6.50673072e-05 6.43832223e-05]
915	[6.89158892e-05 6.50673072e-05 6.43832223e-05]
916	[6.89158892e-05 6.50673072e-05 6.43832223e-05]
917	[6.89158892e-05 6.50673072e-05 6.43832223e-05]
918	[6.89158892e-05 6.50673072e-05 6.43832223e-05]
919	[6.89158892e-05 6.50673072e-05 6.43832223e-05]
920	[6.89158892e-05 6.50673072e-05 6.43832223e-05]
921	[6.89158892e-05 6.50673072e-05 6.43832223e-05]
922	[6.89158892e-05 6.50673072e-05 6.43832223e-05]
923	[6.89158892e-05 6.50673072e-05 6.43832223e-05]
924	[6.89158892e-05 6.50673072e-05 6.43832223e-05]
925	[6.89158892e-05 6.50673072e-05 6.43832223e-05]
926	[6.89158892e-05 6.50673072e-05 6.43832223e-05]
927	[6.89158892e-05 6.50673072e-05 6.43832223e-05]
928	[6.89158892e-05 6.50673072e-05 6.43832223e-05]
929	[6.89158892e-05 6.50673072e-05 6.43832223e-05]
930	[6.89158892e-05 6.50673072e-05 6.43832223e-05]
931	[6.89158892e-05 6.50673072e-05 6.43832223e-05]
932	[6.89158892e-05 6.50673072e-05 6.43832223e-05]
933	[6.89158892e-05 6.50673072e-05 6.43832223e-05]
934	[6.89158892e-05 6.50673072e-05 6.43832223e-05]
935	[6.89158892e-05 6.50673072e-05 6.43832223e-05]
936	[6.89158892e-05 6.50673072e-05 6.43832223e-05]
937	[6.89158892e-05 6.50673072e-05 6.43832223e-05]
938	[6.89158892e-05 6.50673072e-05 6.43832223e-05]
939	[6.89158892e-05 6.50673072e-05 6.43832223e-05]
940	[6.89158892e-05 6.50673072e-05 6.43832223e-05]
941	[6.89158892e-05 6.50673072e-05 6.43832223e-05]
942	[6.89158892e-05 6.50673072e-05 6.43832223e-05]
943	[6.89158892e-05 6.50673072e-05 6.43832223e-05]
944	[6.89158892e-05 6.50673072e-05 6.43832223e-05]
945	[6.89158892e-05 6.50673072e-05 6.43832223e-05]
946	[6.89158892e-05 6.50673072e-05 6.43832223e-05]
947	[6.89158892e-05 6.50673072e-05 6.43832223e-05]
948	[6.89158892e-05 6.50673072e-05 6.43832223e-05]
949	[6.89158892e-05 6.50673072e-05 6.43832223e-05]
950	[6.89158892e-05 6.50673072e-05 6.43832223e-05]
951	[6.89158892e-05 6.50673072e-05 6.43832223e-05]
952	[6.89158892e-05 6.50673072e-05 6.43832223e-05]
953	[6.89158892e-05 6.50673072e-05 6.43832223e-05]
954	[6.89158892e-05 6.50673072e-05 6.43832223e-05]
955	[6.89158892e-05 6.50673072e-05 6.43832223e-05]
956	[6.89158892e-05 6.50673072e-05 6.43832223e-05]
957	[6.89158892e-05 6.50673072e-05 6.43832223e-05]
958	[6.89158892e-05 6.50673072e-05 6.43832223e-05]
959	[6.89158892e-05 6.50673072e-05 6.43832223e-05]
960	[6.89158892e-05 6.50673072e-05 6.43832223e-05]
961	[6.89158892e-05 6.50673072e-05 6.43832223e-05]
962	[6.89158892e-05 6.50673072e-05 6.43832223e-05]
963	[6.89158892e-05 6.50673072e-05 6.43832223e-05]
964	[6.89158892e-05 6.50673072e-05 6.43832223e-05]
965	[6.89158892e-05 6.50673072e-05 6.43832223e-05]
966	[6.89158892e-05 6.50673072e-05 6.43832223e-05]
967	[6.89158892e-05 6.50673072e-05 6.43832223e-05]
968	[6.89158892e-05 6.50673072e-05 6.43832223e-05]
969	[6.89158892e-05 6.50673072e-05 6.43832223e-05]
970	[6.89158892e-05 6.50673072e-05 6.43832223e-05]
971	[6.89158892e-05 6.50673072e-05 6.43832223e-05]
972	[6.89158892e-05 6.50673072e-05 6.43832223e-05]
973	[6.89158892e-05 6.50673072e-05 6.43832223e-05]
974	[6.89158892e-05 6.50673072e-05 6.43832223e-05]
975	[6.89158892e-05 6.50673072e-05 6.43832223e-05]
976	[6.89158892e-05 6.50673072e-05 6.43832223e-05]
977	[6.89158892e-05 6.50673072e-05 6.43832223e-05]
978	[6.89158892e-05 6.50673072e-05 6.43832223e-05]
979	[6.89158892e-05 6.50673072e-05 6.43832223e-05]
980	[6.89158892e-05 6.50673072e-05 6.43832223e-05]
981	[6.89158892e-05 6.50673072e-05 6.43832223e-05]
982	[6.89158892e-05 6.50673072e-05 6.43832223e-05]
983	[6.89158892e-05 6.50673072e-05 6.43832223e-05]
984	[6.89158892e-05 6.50673072e-05 6.43832223e-05]
985	[6.89158892e-05 6.50673072e-05 6.43832223e-05]
986	[6.89158892e-05 6.50673072e-05 6.43832223e-05]
987	[6.89158892e-05 6.50673072e-05 6.43832223e-05]
988	[6.89158892e-05 6.50673072e-05 6.43832223e-05]
989	[6.89158892e-05 6.50673072e-05 6.43832223e-05]
990	[6.89158892e-05 6.50673072e-05 6.43832223e-05]
991	[6.89158892e-05 6.50673072e-05 6.43832223e-05]
992	[6.89158892e-05 6.50673072e-05 6.43832223e-05]
993	[6.89158892e-05 6.50673072e-05 6.43832223e-05]
994	[6.89158892e-05 6.50673072e-05 6.43832223e-05]
995	[6.89158892e-05 6.50673072e-05 6.43832223e-05]
996	[6.89158892e-05 6.50673072e-05 6.43832223e-05]
997	[6.89158892e-05 6.50673072e-05 6.43832223e-05]
998	[6.89158892e-05 6.50673072e-05 6.43832223e-05]
999	[6.89158892e-05 6.50673072e-05 6.43832223e-05]
0	[6.43832223e-05 6.43832223e-05 6.43832223e-05]
1	[6.43832223e-05 6.43832223e-05 6.43832223e-05]
2	[6.43832223e-05 6.43832223e-05 6.43832223e-05]
3	[6.43832223e-05 6.43832223e-05 6.43832223e-05]
4	[6.43832223e-05 6.43832223e-05 6.43832223e-05]
5	[6.43832223e-05 6.43832223e-05 6.43832223e-05]
6	[6.43832223e-05 6.43832223e-05 6.43832223e-05]
7	[6.43832223e-05 6.43832223e-05 6.43832223e-05]
8	[6.43832223e-05 6.43832223e-05 6.43832223e-05]
9	[6.43832223e-05 6.43832223e-05 6.43832223e-05]
10	[6.43832223e-05 6.43832223e-05 6.43832223e-05]
11	[6.43832223e-05 6.43832223e-05 6.43832223e-05]
12	[6.43832223e-05 6.43832223e-05 6.43832223e-05]
13	[6.43832223e-05 6.43832223e-05 6.43832223e-05]
14	[6.43832223e-05 6.43832223e-05 6.43832223e-05]
15	[6.43832223e-05 6.43832223e-05 6.43832223e-05]
16	[6.43832223e-05 6.43832223e-05 6.43832223e-05]
17	[6.43832223e-05 6.43832223e-05 6.43832223e-05]
18	[6.43832223e-05 6.43832223e-05 6.43832223e-05]
19	[6.43832223e-05 6.43832223e-05 6.43832223e-05]
20	[6.43832223e-05 6.43832223e-05 6.43832223e-05]
21	[6.43832223e-05 6.43832223e-05 6.43832223e-05]
22	[6.43832223e-05 6.43832223e-05 6.43832223e-05]
23	[6.43832223e-05 6.43832223e-05 6.43832223e-05]
24	[6.43832223e-05 6.43832223e-05 6.43832223e-05]
25	[6.43832223e-05 6.43832223e-05 6.43832223e-05]
26	[6.43832223e-05 6.43832223e-05 6.43832223e-05]
27	[6.43832223e-05 6.43832223e-05 6.43832223e-05]
28	[6.43832223e-05 6.43832223e-05 6.43832223e-05]
29	[6.43832223e-05 6.43832223e-05 6.43832223e-05]
30	[6.43832223e-05 6.43832223e-05 6.43832223e-05]
31	[6.43832223e-05 6.43832223e-05 6.43832223e-05]
32	[6.43832223e-05 6.43832223e-05 6.43832223e-05]
33	[6.43832223e-05 6.43832223e-05 6.43832223e-05]
34	[6.43832223e-05 6.43832223e-05 6.43832223e-05]
35	[6.43832223e-05 6.43832223e-05 6.43832223e-05]
36	[6.43832223e-05 6.43832223e-05 6.43832223e-05]
37	[6.43832223e-05 6.43832223e-05 6.43832223e-05]
38	[6.43832223e-05 6.43832223e-05 6.43832223e-05]
39	[6.43832223e-05 6.43832223e-05 6.43832223e-05]
40	[6.43832223e-05 6.43832223e-05 6.43832223e-05]
41	[6.43832223e-05 6.43832223e-05 6.43832223e-05]
42	[6.43832223e-05 6.43832223e-05 6.43832223e-05]
43	[6.43832223e-05 6.43832223e-05 6.43832223e-05]
44	[6.43832223e-05 6.43832223e-05 6.43832223e-05]
45	[6.43832223e-05 6.43832223e-05 6.43832223e-05]
46	[6.43832223e-05 6.43832223e-05 6.43832223e-05]
47	[6.43832223e-05 6.43832223e-05 6.43832223e-05]
48	[6.43832223e-05 6.43832223e-05 6.43832223e-05]
49	[6.43832223e-05 6.43832223e-05 6.43832223e-05]
50	[6.43832223e-05 6.43832223e-05 6.43832223e-05]
51	[6.43832223e-05 6.43832223e-05 6.43832223e-05]
52	[6.43832223e-05 6.43832223e-05 6.43832223e-05]
53	[6.43832223e-05 6.43832223e-05 6.43832223e-05]
54	[6.43832223e-05 6.43832223e-05 6.43832223e-05]
55	[6.43832223e-05 6.43832223e-05 6.43832223e-05]
56	[6.43832223e-05 6.43832223e-05 6.43832223e-05]
57	[6.43832223e-05 6.43832223e-05 6.43832223e-05]
58	[6.43832223e-05 6.43832223e-05 6.43832223e-05]
59	[6.43832223e-05 6.43832223e-05 6.43832223e-05]
60	[6.43832223e-05 6.43832223e-05 6.43832223e-05]
61	[6.43832223e-05 6.43832223e-05 6.43832223e-05]
62	[6.43832223e-05 6.43832223e-05 6.43832223e-05]
63	[6.43832223e-05 6.43832223e-05 6.43832223e-05]
64	[6.43832223e-05 6.43832223e-05 6.43832223e-05]
65	[6.43832223e-05 6.43832223e-05 6.43832223e-05]
66	[6.43832223e-05 6.43832223e-05 6.43832223e-05]
67	[6.43832223e-05 6.43832223e-05 6.43832223e-05]
68	[6.43832223e-05 6.43832223e-05 6.43832223e-05]
69	[6.43832223e-05 6.43832223e-05 6.43832223e-05]
70	[6.43832223e-05 6.43832223e-05 6.43832223e-05]
71	[6.43832223e-05 6.43832223e-05 6.43832223e-05]
72	[6.43832223e-05 6.43832223e-05 6.43832223e-05]
73	[6.43832223e-05 6.43832223e-05 6.43832223e-05]
74	[6.43832223e-05 6.43832223e-05 6.43832223e-05]
75	[6.43832223e-05 6.43832223e-05 6.43832223e-05]
76	[6.43832223e-05 6.43832223e-05 6.43832223e-05]
77	[6.43832223e-05 6.43832223e-05 6.43832223e-05]
78	[6.43832223e-05 6.43832223e-05 6.43832223e-05]
79	[6.43832223e-05 6.43832223e-05 6.43832223e-05]
80	[6.43832223e-05 6.43832223e-05 6.43832223e-05]
81	[6.43832223e-05 6.43832223e-05 6.43832223e-05]
82	[6.43832223e-05 6.43832223e-05 6.43832223e-05]
83	[6.43832223e-05 6.43832223e-05 6.43832223e-05]
84	[6.43832223e-05 6.43832223e-05 6.43832223e-05]
85	[6.43832223e-05 6.43832223e-05 6.43832223e-05]
86	[6.43832223e-05 6.43832223e-05 6.43832223e-05]
87	[6.43832223e-05 6.43832223e-05 6.43832223e-05]
88	[6.43832223e-05 6.43832223e-05 6.43832223e-05]
89	[6.43832223e-05 6.43832223e-05 6.43832223e-05]
90	[6.43832223e-05 6.43832223e-05 6.43832223e-05]
91	[6.43832223e-05 6.43832223e-05 6.43832223e-05]
92	[6.43832223e-05 6.43832223e-05 6.43832223e-05]
93	[6.43832223e-05 6.43832223e-05 6.43832223e-05]
94	[6.43832223e-05 6.43832223e-05 6.43832223e-05]
95	[6.43832223e-05 6.43832223e-05 6.43832223e-05]
96	[6.43832223e-05 6.43832223e-05 6.43832223e-05]
97	[6.43832223e-05 6.43832223e-05 6.43832223e-05]
98	[6.43832223e-05 6.43832223e-05 6.43832223e-05]
99	[6.43832223e-05 6.43832223e-05 6.43832223e-05]
100	[6.43832223e-05 6.43832223e-05 6.43832223e-05]
101	[6.43832223e-05 6.43832223e-05 6.43832223e-05]
102	[6.43832223e-05 6.43832223e-05 6.43832223e-05]
103	[6.43832223e-05 6.43832223e-05 6.43832223e-05]
104	[6.43832223e-05 6.43832223e-05 6.43832223e-05]
105	[6.43832223e-05 6.43832223e-05 6.43832223e-05]
106	[6.43832223e-05 6.43832223e-05 6.43832223e-05]
107	[6.43832223e-05 6.43832223e-05 6.43832223e-05]
108	[6.43832223e-05 6.43832223e-05 6.43832223e-05]
109	[6.43832223e-05 6.43832223e-05 6.43832223e-05]
110	[6.43832223e-05 6.43832223e-05 6.43832223e-05]
111	[6.43832223e-05 6.43832223e-05 6.43832223e-05]
112	[6.43832223e-05 6.43832223e-05 6.43832223e-05]
113	[6.43832223e-05 6.43832223e-05 6.43832223e-05]
114	[6.43832223e-05 6.43832223e-05 6.43832223e-05]
115	[6.43832223e-05 6.43832223e-05 6.43832223e-05]
116	[6.43832223e-05 6.43832223e-05 6.43832223e-05]
117	[6.43832223e-05 6.43832223e-05 6.43832223e-05]
118	[6.43832223e-05 6.43832223e-05 6.43832223e-05]
119	[6.43832223e-05 6.43832223e-05 6.43832223e-05]
120	[6.43832223e-05 6.43832223e-05 6.43832223e-05]
121	[6.43832223e-05 6.43832223e-05 6.43832223e-05]
122	[6.43832223e-05 6.43832223e-05 6.43832223e-05]
123	[6.43832223e-05 6.43832223e-05 6.43832223e-05]
124	[6.43832223e-05 6.43832223e-05 6.43832223e-05]
125	[6.43832223e-05 6.43832223e-05 6.43832223e-05]
126	[6.43832223e-05 6.43832223e-05 6.43832223e-05]
127	[6.43832223e-05 6.43832223e-05 6.43832223e-05]
128	[6.43832223e-05 6.43832223e-05 6.43832223e-05]
129	[6.43832223e-05 6.43832223e-05 6.43832223e-05]
130	[6.43832223e-05 6.43832223e-05 6.43832223e-05]
131	[6.43832223e-05 6.43832223e-05 6.43832223e-05]
132	[6.43832223e-05 6.43832223e-05 6.43832223e-05]
133	[6.43832223e-05 6.43832223e-05 6.43832223e-05]
134	[6.43832223e-05 6.43832223e-05 6.43832223e-05]
135	[6.43832223e-05 6.43832223e-05 6.43832223e-05]
136	[6.43832223e-05 6.43832223e-05 6.43832223e-05]
137	[6.43832223e-05 6.43832223e-05 6.43832223e-05]
138	[6.43832223e-05 6.43832223e-05 6.43832223e-05]
139	[6.43832223e-05 6.43832223e-05 6.43832223e-05]
140	[6.43832223e-05 6.43832223e-05 6.43832223e-05]
141	[6.43244802e-05 6.43832223e-05 6.43832223e-05]
142	[6.43244802e-05 6.43832223e-05 6.43832223e-05]
143	[6.43244802e-05 6.43832223e-05 6.43832223e-05]
144	[6.43244802e-05 6.43832223e-05 6.43832223e-05]
145	[6.43244802e-05 6.43832223e-05 6.43832223e-05]
146	[6.43244802e-05 6.43832223e-05 6.43832223e-05]
147	[6.43244802e-05 6.43832223e-05 6.43832223e-05]
148	[6.43244802e-05 6.43832223e-05 6.43832223e-05]
149	[6.43244802e-05 6.43832223e-05 6.43832223e-05]
150	[6.43244802e-05 6.43832223e-05 6.43832223e-05]
151	[6.43244802e-05 6.43832223e-05 6.43832223e-05]
152	[6.43244802e-05 6.43832223e-05 6.43832223e-05]
153	[6.43244802e-05 6.43832223e-05 6.43832223e-05]
154	[6.43244802e-05 6.43832223e-05 6.43832223e-05]
155	[6.43244802e-05 6.43832223e-05 6.43832223e-05]
156	[6.43244802e-05 6.43832223e-05 6.43832223e-05]
157	[6.43244802e-05 6.43832223e-05 6.43832223e-05]
158	[6.43244802e-05 6.43832223e-05 6.43832223e-05]
159	[6.43244802e-05 6.43832223e-05 6.43832223e-05]
160	[6.43244802e-05 6.43832223e-05 6.43832223e-05]
161	[6.43244802e-05 6.43832223e-05 6.43832223e-05]
162	[6.43244802e-05 6.43832223e-05 6.43832223e-05]
163	[6.43244802e-05 6.43832223e-05 6.43832223e-05]
164	[6.43244802e-05 6.43832223e-05 6.43832223e-05]
165	[6.43244802e-05 6.43832223e-05 6.43832223e-05]
166	[6.43244802e-05 6.43832223e-05 6.43832223e-05]
167	[6.43244802e-05 6.43832223e-05 6.43832223e-05]
168	[6.43244802e-05 6.43832223e-05 6.43832223e-05]
169	[6.43244802e-05 6.43832223e-05 6.43832223e-05]
170	[6.43244802e-05 6.43832223e-05 6.43832223e-05]
171	[6.43244802e-05 6.43832223e-05 6.43832223e-05]
172	[6.43244802e-05 6.43832223e-05 6.43832223e-05]
173	[6.43244802e-05 6.43832223e-05 6.43832223e-05]
174	[6.43244802e-05 6.43832223e-05 6.43832223e-05]
175	[6.43244802e-05 6.43832223e-05 6.43832223e-05]
176	[6.43244802e-05 6.43832223e-05 6.43832223e-05]
177	[6.43244802e-05 6.43832223e-05 6.43832223e-05]
178	[6.43244802e-05 6.43832223e-05 6.43832223e-05]
179	[6.43244802e-05 6.43832223e-05 6.43832223e-05]
180	[6.43244802e-05 6.43832223e-05 6.43832223e-05]
181	[6.43244802e-05 6.43832223e-05 6.43832223e-05]
182	[6.43244802e-05 6.43832223e-05 6.43832223e-05]
183	[6.43244802e-05 6.43832223e-05 6.43832223e-05]
184	[6.43244802e-05 6.43832223e-05 6.43832223e-05]
185	[6.43244802e-05 6.43832223e-05 6.43832223e-05]
186	[6.43244802e-05 6.43832223e-05 6.43832223e-05]
187	[6.43244802e-05 6.43832223e-05 6.43832223e-05]
188	[6.43244802e-05 6.43832223e-05 6.43832223e-05]
189	[6.43244802e-05 6.43832223e-05 6.43832223e-05]
190	[6.43244802e-05 6.43832223e-05 6.43832223e-05]
191	[6.43244802e-05 6.43832223e-05 6.43832223e-05]
192	[6.43244802e-05 6.43832223e-05 6.43832223e-05]
193	[6.43244802e-05 6.43832223e-05 6.43832223e-05]
194	[6.43244802e-05 6.43832223e-05 6.43832223e-05]
195	[6.43244802e-05 6.43832223e-05 6.43832223e-05]
196	[6.43244802e-05 6.43832223e-05 6.43832223e-05]
197	[6.43244802e-05 6.43832223e-05 6.43832223e-05]
198	[6.43244802e-05 6.43832223e-05 6.43832223e-05]
199	[6.43244802e-05 6.43832223e-05 6.43832223e-05]
200	[6.43244802e-05 6.43832223e-05 6.43832223e-05]
201	[6.43244802e-05 6.43832223e-05 6.43832223e-05]
202	[6.43244802e-05 6.43832223e-05 6.43832223e-05]
203	[6.43244802e-05 6.43832223e-05 6.43832223e-05]
204	[6.43244802e-05 6.43832223e-05 6.43832223e-05]
205	[6.43244802e-05 6.43832223e-05 6.43832223e-05]
206	[6.43244802e-05 6.43832223e-05 6.43832223e-05]
207	[6.43244802e-05 6.43832223e-05 6.43832223e-05]
208	[6.43244802e-05 6.43832223e-05 6.43832223e-05]
209	[6.43244802e-05 6.43832223e-05 6.43832223e-05]
210	[6.43244802e-05 6.43832223e-05 6.43832223e-05]
211	[6.43244802e-05 6.43832223e-05 6.43832223e-05]
212	[6.43244802e-05 6.43832223e-05 6.43832223e-05]
213	[6.43244802e-05 6.43832223e-05 6.43832223e-05]
214	[6.43244802e-05 6.43832223e-05 6.43832223e-05]
215	[6.43244802e-05 6.43832223e-05 6.43832223e-05]
216	[6.43244802e-05 6.43832223e-05 6.43832223e-05]
217	[6.40662484e-05 6.43832223e-05 6.43832223e-05]
218	[6.40662484e-05 6.43832223e-05 6.43832223e-05]
219	[6.40662484e-05 6.43832223e-05 6.43832223e-05]
220	[6.40662484e-05 6.43832223e-05 6.43832223e-05]
221	[6.40662484e-05 6.43832223e-05 6.43832223e-05]
222	[6.40662484e-05 6.43832223e-05 6.43832223e-05]
223	[6.40662484e-05 6.43832223e-05 6.43832223e-05]
224	[6.40662484e-05 6.43832223e-05 6.43832223e-05]
225	[6.40662484e-05 6.43832223e-05 6.43832223e-05]
226	[6.40662484e-05 6.43832223e-05 6.43832223e-05]
227	[6.40662484e-05 6.43832223e-05 6.43832223e-05]
228	[6.40662484e-05 6.43832223e-05 6.43832223e-05]
229	[6.40662484e-05 6.43832223e-05 6.43832223e-05]
230	[6.40662484e-05 6.43832223e-05 6.43832223e-05]
231	[6.40662484e-05 6.43832223e-05 6.43832223e-05]
232	[6.40662484e-05 6.39154759e-05 6.43832223e-05]
233	[6.40662484e-05 6.39154759e-05 6.43832223e-05]
234	[6.40662484e-05 6.39154759e-05 6.43832223e-05]
235	[6.40662484e-05 6.39154759e-05 6.43832223e-05]
236	[6.40662484e-05 6.39154759e-05 6.43832223e-05]
237	[6.40662484e-05 6.39154759e-05 6.43832223e-05]
238	[6.40662484e-05 6.39154759e-05 6.43832223e-05]
239	[6.40662484e-05 6.39154759e-05 6.43832223e-05]
240	[6.40662484e-05 6.39154759e-05 6.43832223e-05]
241	[6.40662484e-05 6.39154759e-05 6.43832223e-05]
242	[6.40662484e-05 6.39154759e-05 6.43832223e-05]
243	[6.40662484e-05 6.39154759e-05 6.43832223e-05]
244	[6.40662484e-05 6.39154759e-05 6.43832223e-05]
245	[6.40662484e-05 6.39154759e-05 6.43832223e-05]
246	[6.40662484e-05 6.39154759e-05 6.43832223e-05]
247	[6.40662484e-05 6.39154759e-05 6.43832223e-05]
248	[6.40662484e-05 6.39154759e-05 6.43832223e-05]
249	[6.40662484e-05 6.39154759e-05 6.43832223e-05]
250	[6.40662484e-05 6.39154759e-05 6.43832223e-05]
251	[6.40662484e-05 6.39154759e-05 6.43832223e-05]
252	[6.40662484e-05 6.39154759e-05 6.43832223e-05]
253	[6.40662484e-05 6.39154759e-05 6.43832223e-05]
254	[6.40662484e-05 6.39154759e-05 6.43832223e-05]
255	[6.40662484e-05 6.39154759e-05 6.43832223e-05]
256	[6.40662484e-05 6.39154759e-05 6.43832223e-05]
257	[6.40662484e-05 6.39154759e-05 6.43832223e-05]
258	[6.40662484e-05 6.39154759e-05 6.43832223e-05]
259	[6.40662484e-05 6.39154759e-05 6.43832223e-05]
260	[6.40662484e-05 6.39154759e-05 6.43832223e-05]
261	[6.40662484e-05 6.39154759e-05 6.43832223e-05]
262	[6.40662484e-05 6.39154759e-05 6.43832223e-05]
263	[6.40662484e-05 6.39154759e-05 6.43832223e-05]
264	[6.40662484e-05 6.39154759e-05 6.43832223e-05]
265	[6.40662484e-05 6.39154759e-05 6.43832223e-05]
266	[6.40662484e-05 6.39154759e-05 6.43832223e-05]
267	[6.40662484e-05 6.39154759e-05 6.43832223e-05]
268	[6.40662484e-05 6.39154759e-05 6.43832223e-05]
269	[6.40662484e-05 6.39154759e-05 6.43832223e-05]
270	[6.40662484e-05 6.39154759e-05 6.43832223e-05]
271	[6.40662484e-05 6.39154759e-05 6.43832223e-05]
272	[6.40662484e-05 6.39154759e-05 6.43832223e-05]
273	[6.40662484e-05 6.39154759e-05 6.43832223e-05]
274	[6.40662484e-05 6.39154759e-05 6.43832223e-05]
275	[6.40662484e-05 6.39154759e-05 6.43832223e-05]
276	[6.40662484e-05 6.39154759e-05 6.43832223e-05]
277	[6.40662484e-05 6.39154759e-05 6.43832223e-05]
278	[6.40662484e-05 6.39154759e-05 6.43832223e-05]
279	[6.40662484e-05 6.39154759e-05 6.43832223e-05]
280	[6.40662484e-05 6.39154759e-05 6.43832223e-05]
281	[6.40662484e-05 6.39154759e-05 6.43832223e-05]
282	[6.40662484e-05 6.39154759e-05 6.43832223e-05]
283	[6.40662484e-05 6.39154759e-05 6.43832223e-05]
284	[6.40662484e-05 6.39154759e-05 6.43832223e-05]
285	[6.40662484e-05 6.39154759e-05 6.43832223e-05]
286	[6.40662484e-05 6.39154759e-05 6.43832223e-05]
287	[6.40662484e-05 6.39154759e-05 6.43832223e-05]
288	[6.40662484e-05 6.39154759e-05 6.43832223e-05]
289	[6.40662484e-05 6.39154759e-05 6.43832223e-05]
290	[6.40662484e-05 6.39154759e-05 6.43832223e-05]
291	[6.40662484e-05 6.39154759e-05 6.43832223e-05]
292	[6.40662484e-05 6.39154759e-05 6.43832223e-05]
293	[6.40662484e-05 6.39154759e-05 6.43832223e-05]
294	[6.40662484e-05 6.39154759e-05 6.43832223e-05]
295	[6.40662484e-05 6.39154759e-05 6.43832223e-05]
296	[6.40662484e-05 6.39154759e-05 6.43832223e-05]
297	[6.40662484e-05 6.39154759e-05 6.43832223e-05]
298	[6.40662484e-05 6.39154759e-05 6.43832223e-05]
299	[6.40662484e-05 6.28215572e-05 6.43832223e-05]
300	[6.40662484e-05 6.28215572e-05 6.43832223e-05]
301	[6.40662484e-05 6.28215572e-05 6.43832223e-05]
302	[6.40662484e-05 6.28215572e-05 6.43832223e-05]
303	[6.40662484e-05 6.28215572e-05 6.43832223e-05]
304	[6.40662484e-05 6.28215572e-05 6.43832223e-05]
305	[6.40662484e-05 6.28215572e-05 6.43832223e-05]
306	[6.40662484e-05 6.28215572e-05 6.43832223e-05]
307	[6.40662484e-05 6.28215572e-05 6.43832223e-05]
308	[6.40662484e-05 6.28215572e-05 6.43832223e-05]
309	[6.40662484e-05 6.28215572e-05 6.43832223e-05]
310	[6.40662484e-05 6.28215572e-05 6.43832223e-05]
311	[6.40662484e-05 6.28215572e-05 6.43832223e-05]
312	[6.40662484e-05 6.28215572e-05 6.43832223e-05]
313	[6.40662484e-05 6.28215572e-05 6.43832223e-05]
314	[6.40662484e-05 6.28215572e-05 6.43832223e-05]
315	[6.40662484e-05 6.28215572e-05 6.43832223e-05]
316	[6.40662484e-05 6.28215572e-05 6.43832223e-05]
317	[6.40662484e-05 6.28215572e-05 6.43832223e-05]
318	[6.40662484e-05 6.28215572e-05 6.43832223e-05]
319	[6.40662484e-05 6.28215572e-05 6.43832223e-05]
320	[6.40662484e-05 6.28215572e-05 6.43832223e-05]
321	[6.40662484e-05 6.28215572e-05 6.43832223e-05]
322	[6.40662484e-05 6.28215572e-05 6.43832223e-05]
323	[6.40662484e-05 6.28215572e-05 6.43832223e-05]
324	[6.40662484e-05 6.28215572e-05 6.43832223e-05]
325	[6.40662484e-05 6.28215572e-05 6.43832223e-05]
326	[6.40662484e-05 6.28215572e-05 6.43832223e-05]
327	[6.40662484e-05 6.28215572e-05 6.43832223e-05]
328	[6.40662484e-05 6.28215572e-05 6.43832223e-05]
329	[6.40662484e-05 6.28215572e-05 6.43832223e-05]
330	[6.40662484e-05 6.28215572e-05 6.43832223e-05]
331	[6.40662484e-05 6.28215572e-05 6.43832223e-05]
332	[6.40662484e-05 6.28215572e-05 6.43832223e-05]
333	[6.40662484e-05 6.28215572e-05 6.43832223e-05]
334	[6.40662484e-05 6.28215572e-05 6.43832223e-05]
335	[6.40662484e-05 6.28215572e-05 6.43832223e-05]
336	[6.40662484e-05 6.28215572e-05 6.43832223e-05]
337	[6.40662484e-05 6.28215572e-05 6.43832223e-05]
338	[6.40662484e-05 6.28215572e-05 6.43832223e-05]
339	[6.40662484e-05 6.28215572e-05 6.43832223e-05]
340	[6.40662484e-05 6.28215572e-05 6.43832223e-05]
341	[6.40662484e-05 6.28215572e-05 6.43832223e-05]
342	[6.40662484e-05 6.28215572e-05 6.43832223e-05]
343	[6.40662484e-05 6.28215572e-05 6.43832223e-05]
344	[6.40662484e-05 6.28215572e-05 6.43832223e-05]
345	[6.40662484e-05 6.28215572e-05 6.43832223e-05]
346	[6.40662484e-05 6.28215572e-05 6.43832223e-05]
347	[6.40662484e-05 6.28215572e-05 6.43832223e-05]
348	[6.40662484e-05 6.28215572e-05 6.43832223e-05]
349	[6.40662484e-05 6.28215572e-05 6.43832223e-05]
350	[6.40662484e-05 6.28215572e-05 6.43832223e-05]
351	[6.40662484e-05 6.28215572e-05 6.43832223e-05]
352	[6.40662484e-05 6.28215572e-05 6.43832223e-05]
353	[6.40662484e-05 6.28215572e-05 6.43832223e-05]
354	[6.40662484e-05 6.28215572e-05 6.43832223e-05]
355	[6.40662484e-05 6.28215572e-05 6.43832223e-05]
356	[6.40662484e-05 6.28215572e-05 6.43832223e-05]
357	[6.40662484e-05 6.28215572e-05 6.43832223e-05]
358	[6.40662484e-05 6.28215572e-05 6.43832223e-05]
359	[6.40662484e-05 6.28215572e-05 6.43832223e-05]
360	[6.40662484e-05 6.28215572e-05 6.43832223e-05]
361	[6.40662484e-05 6.28215572e-05 6.43832223e-05]
362	[6.40662484e-05 6.28215572e-05 6.43832223e-05]
363	[6.40662484e-05 6.28215572e-05 6.43832223e-05]
364	[6.40662484e-05 6.28215572e-05 6.43832223e-05]
365	[6.40662484e-05 6.28215572e-05 6.43832223e-05]
366	[6.40662484e-05 6.28215572e-05 6.43832223e-05]
367	[6.40662484e-05 6.28215572e-05 6.43832223e-05]
368	[6.40662484e-05 6.28215572e-05 6.43832223e-05]
369	[6.40662484e-05 6.28215572e-05 6.43832223e-05]
370	[6.40662484e-05 6.28215572e-05 6.43832223e-05]
371	[6.40662484e-05 6.28215572e-05 6.43832223e-05]
372	[6.40662484e-05 6.28215572e-05 6.43832223e-05]
373	[6.40662484e-05 6.28215572e-05 6.43832223e-05]
374	[6.40662484e-05 6.28215572e-05 6.43832223e-05]
375	[6.40662484e-05 6.28215572e-05 6.43832223e-05]
376	[6.40662484e-05 6.28215572e-05 6.43832223e-05]
377	[6.40662484e-05 6.28215572e-05 6.43832223e-05]
378	[6.40662484e-05 6.28215572e-05 6.43832223e-05]
379	[6.40662484e-05 6.28215572e-05 6.43832223e-05]
380	[6.40662484e-05 6.28215572e-05 6.43832223e-05]
381	[6.40662484e-05 6.28215572e-05 6.43832223e-05]
382	[6.40662484e-05 6.28215572e-05 6.43832223e-05]
383	[6.40662484e-05 6.28215572e-05 6.43832223e-05]
384	[6.40662484e-05 6.28215572e-05 6.43832223e-05]
385	[6.40662484e-05 6.28215572e-05 6.43832223e-05]
386	[6.40662484e-05 6.28215572e-05 6.43832223e-05]
387	[6.40662484e-05 6.28215572e-05 6.43832223e-05]
388	[6.40662484e-05 6.28215572e-05 6.43832223e-05]
389	[6.40662484e-05 6.28215572e-05 6.43832223e-05]
390	[6.40662484e-05 6.28215572e-05 6.43832223e-05]
391	[6.40662484e-05 6.28215572e-05 6.43832223e-05]
392	[6.40662484e-05 6.28215572e-05 6.43832223e-05]
393	[6.40662484e-05 6.28215572e-05 6.43832223e-05]
394	[6.40662484e-05 6.28215572e-05 6.43832223e-05]
395	[6.40662484e-05 6.28215572e-05 6.43832223e-05]
396	[6.40662484e-05 6.28215572e-05 6.43832223e-05]
397	[6.40662484e-05 6.28215572e-05 6.43832223e-05]
398	[6.40662484e-05 6.28215572e-05 6.43832223e-05]
399	[6.40662484e-05 6.28215572e-05 6.43832223e-05]
400	[6.40662484e-05 6.28215572e-05 6.43832223e-05]
401	[6.40662484e-05 6.28215572e-05 6.43832223e-05]
402	[6.40662484e-05 6.28215572e-05 6.43832223e-05]
403	[6.40662484e-05 6.28215572e-05 6.43832223e-05]
404	[6.40662484e-05 6.28215572e-05 6.43832223e-05]
405	[6.40662484e-05 6.28215572e-05 6.43832223e-05]
406	[6.40662484e-05 6.28215572e-05 6.43832223e-05]
407	[6.40662484e-05 6.28215572e-05 6.43832223e-05]
408	[6.40662484e-05 6.28215572e-05 6.43832223e-05]
409	[6.40662484e-05 6.28215572e-05 6.43832223e-05]
410	[6.40662484e-05 6.28215572e-05 6.43832223e-05]
411	[6.40662484e-05 6.28215572e-05 6.43832223e-05]
412	[6.40662484e-05 6.28215572e-05 6.43832223e-05]
413	[6.40662484e-05 6.28215572e-05 6.43832223e-05]
414	[6.40662484e-05 6.28215572e-05 6.43832223e-05]
415	[6.40662484e-05 6.28215572e-05 6.43832223e-05]
416	[6.40662484e-05 6.28215572e-05 6.43832223e-05]
417	[6.40662484e-05 6.28215572e-05 6.43832223e-05]
418	[6.40662484e-05 6.28215572e-05 6.43832223e-05]
419	[6.40662484e-05 6.28215572e-05 6.43832223e-05]
420	[6.40662484e-05 6.28215572e-05 6.43832223e-05]
421	[6.40662484e-05 6.28215572e-05 6.43832223e-05]
422	[6.40662484e-05 6.28215572e-05 6.43832223e-05]
423	[6.40662484e-05 6.28215572e-05 6.43832223e-05]
424	[6.40662484e-05 6.28215572e-05 6.43832223e-05]
425	[6.40662484e-05 6.28215572e-05 6.43832223e-05]
426	[6.40662484e-05 6.28215572e-05 6.43832223e-05]
427	[6.40662484e-05 6.28215572e-05 6.43832223e-05]
428	[6.40662484e-05 6.28215572e-05 6.43832223e-05]
429	[6.40662484e-05 6.28215572e-05 6.43832223e-05]
430	[6.40662484e-05 6.28215572e-05 6.43832223e-05]
431	[6.40662484e-05 6.28215572e-05 6.43832223e-05]
432	[6.40662484e-05 6.28215572e-05 6.43832223e-05]
433	[6.40662484e-05 6.28215572e-05 6.43832223e-05]
434	[6.40662484e-05 6.28215572e-05 6.43832223e-05]
435	[6.40662484e-05 6.28215572e-05 6.43832223e-05]
436	[6.40662484e-05 6.28215572e-05 6.43832223e-05]
437	[6.40662484e-05 6.28215572e-05 6.43832223e-05]
438	[6.40662484e-05 6.28215572e-05 6.43832223e-05]
439	[6.40662484e-05 6.28215572e-05 6.43832223e-05]
440	[6.40662484e-05 6.28215572e-05 6.43832223e-05]
441	[6.40662484e-05 6.28215572e-05 6.43832223e-05]
442	[6.40662484e-05 6.28215572e-05 6.43832223e-05]
443	[6.40662484e-05 6.28215572e-05 6.43832223e-05]
444	[6.40662484e-05 6.28215572e-05 6.43832223e-05]
445	[6.40662484e-05 6.28215572e-05 6.43832223e-05]
446	[6.40662484e-05 6.28215572e-05 6.43832223e-05]
447	[6.40662484e-05 6.28215572e-05 6.43832223e-05]
448	[6.40662484e-05 6.28215572e-05 6.43832223e-05]
449	[6.40662484e-05 6.28215572e-05 6.43832223e-05]
450	[6.40662484e-05 6.28215572e-05 6.43832223e-05]
451	[6.40662484e-05 6.28215572e-05 6.43832223e-05]
452	[6.40662484e-05 6.28215572e-05 6.43832223e-05]
453	[6.40662484e-05 6.28215572e-05 6.43832223e-05]
454	[6.40662484e-05 6.28215572e-05 6.43832223e-05]
455	[6.40662484e-05 6.28215572e-05 6.43832223e-05]
456	[6.40662484e-05 6.28215572e-05 6.43832223e-05]
457	[6.40662484e-05 6.28215572e-05 6.43832223e-05]
458	[6.40662484e-05 6.28215572e-05 6.43832223e-05]
459	[6.40662484e-05 6.28215572e-05 6.43832223e-05]
460	[6.40662484e-05 6.28215572e-05 6.43832223e-05]
461	[6.40662484e-05 6.28215572e-05 6.43832223e-05]
462	[6.40662484e-05 6.28215572e-05 6.43832223e-05]
463	[6.40662484e-05 6.28215572e-05 6.43832223e-05]
464	[6.40662484e-05 6.28215572e-05 6.43832223e-05]
465	[6.40662484e-05 6.28215572e-05 6.43832223e-05]
466	[6.40662484e-05 6.28215572e-05 6.43832223e-05]
467	[6.40662484e-05 6.28215572e-05 6.43832223e-05]
468	[6.40662484e-05 6.28215572e-05 6.43832223e-05]
469	[6.40662484e-05 6.28215572e-05 6.43832223e-05]
470	[6.40662484e-05 6.28215572e-05 6.43832223e-05]
471	[6.40662484e-05 6.28215572e-05 6.43832223e-05]
472	[6.40662484e-05 6.28215572e-05 6.43832223e-05]
473	[6.40662484e-05 6.28215572e-05 6.43832223e-05]
474	[6.40662484e-05 6.28215572e-05 6.43832223e-05]
475	[6.40662484e-05 6.28215572e-05 6.43832223e-05]
476	[6.40662484e-05 6.28215572e-05 6.43832223e-05]
477	[6.40662484e-05 6.28215572e-05 6.43832223e-05]
478	[6.40662484e-05 6.28215572e-05 6.43832223e-05]
479	[6.40662484e-05 6.28215572e-05 6.43832223e-05]
480	[6.40662484e-05 6.28215572e-05 6.43832223e-05]
481	[6.40662484e-05 6.28215572e-05 6.43832223e-05]
482	[6.40662484e-05 6.28215572e-05 6.43832223e-05]
483	[6.40662484e-05 6.28215572e-05 6.43832223e-05]
484	[6.40662484e-05 6.28215572e-05 6.43832223e-05]
485	[6.40662484e-05 6.28215572e-05 6.43832223e-05]
486	[6.40662484e-05 6.28215572e-05 6.43832223e-05]
487	[6.40662484e-05 6.28215572e-05 6.43832223e-05]
488	[6.40662484e-05 6.28215572e-05 6.43832223e-05]
489	[6.40662484e-05 6.28215572e-05 6.43832223e-05]
490	[6.40662484e-05 6.28215572e-05 6.43832223e-05]
491	[6.40662484e-05 6.28215572e-05 6.43832223e-05]
492	[6.40662484e-05 6.28215572e-05 6.43832223e-05]
493	[6.40662484e-05 6.28215572e-05 6.43832223e-05]
494	[6.40662484e-05 6.28215572e-05 6.43832223e-05]
495	[6.40662484e-05 6.28215572e-05 6.43832223e-05]
496	[6.40662484e-05 6.28215572e-05 6.43832223e-05]
497	[6.40662484e-05 6.28215572e-05 6.43832223e-05]
498	[6.40662484e-05 6.28215572e-05 6.43832223e-05]
499	[6.40662484e-05 6.28215572e-05 6.43832223e-05]
0	[6.43832223e-05 6.43832223e-05 6.43832223e-05]
1	[6.43832223e-05 6.43832223e-05 6.43832223e-05]
2	[6.43832223e-05 6.43832223e-05 6.43832223e-05]
3	[6.43832223e-05 6.43832223e-05 6.43832223e-05]
4	[6.43832223e-05 6.43832223e-05 6.43832223e-05]
5	[6.43832223e-05 6.43832223e-05 6.43832223e-05]
6	[6.43832223e-05 6.43832223e-05 6.43832223e-05]
7	[6.43832223e-05 6.43832223e-05 6.43832223e-05]
8	[6.43832223e-05 6.43832223e-05 6.43832223e-05]
9	[6.43832223e-05 6.43832223e-05 6.43832223e-05]
10	[6.43832223e-05 6.43832223e-05 6.43832223e-05]
11	[6.43832223e-05 6.43832223e-05 6.43832223e-05]
12	[6.43832223e-05 6.43832223e-05 6.43832223e-05]
13	[6.43832223e-05 6.43832223e-05 6.43832223e-05]
14	[6.43832223e-05 6.43832223e-05 6.43832223e-05]
15	[6.43832223e-05 6.43832223e-05 6.43832223e-05]
16	[6.43832223e-05 6.43832223e-05 6.43832223e-05]
17	[6.43832223e-05 6.43832223e-05 6.43832223e-05]
18	[6.43832223e-05 6.43832223e-05 6.43832223e-05]
19	[6.43832223e-05 6.43832223e-05 6.43832223e-05]
20	[6.43832223e-05 6.43832223e-05 6.43832223e-05]
21	[6.43832223e-05 6.43832223e-05 6.43832223e-05]
22	[6.43832223e-05 6.43832223e-05 6.43832223e-05]
23	[6.43832223e-05 6.43832223e-05 6.43832223e-05]
24	[6.43832223e-05 6.43832223e-05 6.43832223e-05]
25	[6.43832223e-05 6.43832223e-05 6.43832223e-05]
26	[6.43832223e-05 6.43832223e-05 6.43832223e-05]
27	[6.43832223e-05 6.43832223e-05 6.43832223e-05]
28	[6.43832223e-05 6.43832223e-05 6.43832223e-05]
29	[6.43832223e-05 6.43832223e-05 6.43832223e-05]
30	[6.43832223e-05 6.43832223e-05 6.43832223e-05]
31	[6.43832223e-05 6.43832223e-05 6.43832223e-05]
32	[6.43832223e-05 6.43832223e-05 6.43832223e-05]
33	[6.43832223e-05 6.43832223e-05 6.43832223e-05]
34	[6.43832223e-05 6.43832223e-05 6.43832223e-05]
35	[6.43832223e-05 6.43832223e-05 6.43832223e-05]
36	[6.43832223e-05 6.43832223e-05 6.43832223e-05]
37	[6.43832223e-05 6.43832223e-05 6.43832223e-05]
38	[6.43832223e-05 6.43832223e-05 6.43832223e-05]
39	[6.43832223e-05 6.43832223e-05 6.43832223e-05]
40	[6.43832223e-05 6.43832223e-05 6.43832223e-05]
41	[6.43832223e-05 6.43832223e-05 6.43832223e-05]
42	[6.43832223e-05 6.43832223e-05 6.43832223e-05]
43	[6.43832223e-05 6.43832223e-05 6.43832223e-05]
44	[6.43832223e-05 6.43832223e-05 6.43832223e-05]
45	[6.43832223e-05 6.43832223e-05 6.43832223e-05]
46	[6.43832223e-05 6.43832223e-05 6.43832223e-05]
47	[6.43832223e-05 6.43832223e-05 6.43832223e-05]
48	[6.43832223e-05 6.43832223e-05 6.43832223e-05]
49	[6.43832223e-05 6.43832223e-05 6.43832223e-05]
50	[6.43832223e-05 6.43832223e-05 6.43832223e-05]
51	[6.43832223e-05 6.43832223e-05 6.43832223e-05]
52	[6.43832223e-05 6.43832223e-05 6.43832223e-05]
53	[6.43832223e-05 6.43832223e-05 6.43832223e-05]
54	[6.43832223e-05 6.43832223e-05 6.43832223e-05]
55	[6.43832223e-05 6.43832223e-05 6.43832223e-05]
56	[6.43832223e-05 6.43832223e-05 6.43832223e-05]
57	[6.43832223e-05 6.43832223e-05 6.43832223e-05]
58	[6.43832223e-05 6.43832223e-05 6.43832223e-05]
59	[6.43832223e-05 6.43832223e-05 6.43832223e-05]
60	[6.43832223e-05 6.43832223e-05 6.43832223e-05]
61	[6.43832223e-05 6.43832223e-05 6.43832223e-05]
62	[6.43832223e-05 6.43832223e-05 6.43832223e-05]
63	[6.43832223e-05 6.43832223e-05 6.43832223e-05]
64	[6.43832223e-05 6.43832223e-05 6.43832223e-05]
65	[6.43832223e-05 6.43832223e-05 6.43832223e-05]
66	[6.43832223e-05 6.43832223e-05 6.43832223e-05]
67	[6.43832223e-05 6.43832223e-05 6.43832223e-05]
68	[6.43832223e-05 6.43832223e-05 6.43832223e-05]
69	[6.43832223e-05 6.43832223e-05 6.43832223e-05]
70	[6.43832223e-05 6.43832223e-05 6.43832223e-05]
71	[6.43832223e-05 6.43832223e-05 6.43832223e-05]
72	[6.43832223e-05 6.43832223e-05 6.43832223e-05]
73	[6.43832223e-05 6.43832223e-05 6.43832223e-05]
74	[6.43832223e-05 6.43832223e-05 6.43832223e-05]
75	[6.43832223e-05 6.43832223e-05 6.43832223e-05]
76	[6.43832223e-05 6.43832223e-05 6.43832223e-05]
77	[6.43832223e-05 6.43832223e-05 6.43832223e-05]
78	[6.43832223e-05 6.43832223e-05 6.43832223e-05]
79	[6.43832223e-05 6.43832223e-05 6.43832223e-05]
80	[6.43832223e-05 6.43832223e-05 6.43832223e-05]
81	[6.43832223e-05 6.43832223e-05 6.43832223e-05]
82	[6.43832223e-05 6.43832223e-05 6.43832223e-05]
83	[6.43832223e-05 6.43832223e-05 6.43832223e-05]
84	[6.43832223e-05 6.43832223e-05 6.43832223e-05]
85	[6.43832223e-05 6.43832223e-05 6.43832223e-05]
86	[6.43832223e-05 6.43832223e-05 6.43832223e-05]
87	[6.43832223e-05 6.43832223e-05 6.43832223e-05]
88	[6.43832223e-05 6.43832223e-05 6.43832223e-05]
89	[6.43832223e-05 6.43832223e-05 6.43832223e-05]
90	[6.43832223e-05 6.43832223e-05 6.43832223e-05]
91	[6.43832223e-05 6.43832223e-05 6.43832223e-05]
92	[6.43832223e-05 6.43832223e-05 6.43832223e-05]
93	[6.43832223e-05 6.43832223e-05 6.43832223e-05]
94	[6.43832223e-05 6.43832223e-05 6.43832223e-05]
95	[6.43832223e-05 6.43832223e-05 6.43832223e-05]
96	[6.43832223e-05 6.43832223e-05 6.43832223e-05]
97	[6.43832223e-05 6.43832223e-05 6.43832223e-05]
98	[6.43832223e-05 6.43832223e-05 6.43832223e-05]
99	[6.43832223e-05 6.43832223e-05 6.43832223e-05]
100	[6.43832223e-05 6.43832223e-05 6.43832223e-05]
101	[6.43832223e-05 6.43832223e-05 6.43832223e-05]
102	[6.43832223e-05 6.43832223e-05 6.43832223e-05]
103	[6.43832223e-05 6.43832223e-05 6.43832223e-05]
104	[6.43832223e-05 6.43832223e-05 6.43832223e-05]
105	[6.43832223e-05 6.43832223e-05 6.43832223e-05]
106	[6.43832223e-05 6.43832223e-05 6.43832223e-05]
107	[6.43832223e-05 6.43832223e-05 6.43832223e-05]
108	[6.43832223e-05 6.43832223e-05 6.43832223e-05]
109	[6.43832223e-05 6.43832223e-05 6.43832223e-05]
110	[6.43832223e-05 6.43832223e-05 6.43832223e-05]
111	[6.43832223e-05 6.43832223e-05 6.43832223e-05]
112	[6.43832223e-05 6.43832223e-05 6.43832223e-05]
113	[6.43832223e-05 6.43832223e-05 6.43832223e-05]
114	[6.43832223e-05 6.43832223e-05 6.43832223e-05]
115	[6.43832223e-05 6.43832223e-05 6.43832223e-05]
116	[6.43832223e-05 6.43832223e-05 6.43832223e-05]
117	[6.43832223e-05 6.43832223e-05 6.43832223e-05]
118	[6.43832223e-05 6.43832223e-05 6.43832223e-05]
119	[6.43832223e-05 6.43832223e-05 6.43832223e-05]
120	[6.43832223e-05 6.43832223e-05 6.43832223e-05]
121	[6.43832223e-05 6.43832223e-05 6.43832223e-05]
122	[6.43832223e-05 6.43832223e-05 6.43832223e-05]
123	[6.43832223e-05 6.43832223e-05 6.43832223e-05]
124	[6.43832223e-05 6.43832223e-05 6.43832223e-05]
125	[6.43832223e-05 6.43832223e-05 6.43832223e-05]
126	[6.43832223e-05 6.43832223e-05 6.43832223e-05]
127	[6.43832223e-05 6.43832223e-05 6.43832223e-05]
128	[6.43832223e-05 6.43832223e-05 6.43832223e-05]
129	[6.43832223e-05 6.43832223e-05 6.43832223e-05]
130	[6.43832223e-05 6.43832223e-05 6.43832223e-05]
131	[6.43832223e-05 6.43832223e-05 6.43832223e-05]
132	[6.43832223e-05 6.43832223e-05 6.43832223e-05]
133	[6.43832223e-05 6.43832223e-05 6.43832223e-05]
134	[6.43832223e-05 6.43832223e-05 6.43832223e-05]
135	[6.43832223e-05 6.43832223e-05 6.43832223e-05]
136	[6.43832223e-05 6.43832223e-05 6.43832223e-05]
137	[6.43832223e-05 6.43832223e-05 6.43832223e-05]
138	[6.43832223e-05 6.43832223e-05 6.43832223e-05]
139	[6.43832223e-05 6.43832223e-05 6.43832223e-05]
140	[6.43832223e-05 6.43832223e-05 6.43832223e-05]
141	[6.43832223e-05 6.43832223e-05 6.43832223e-05]
142	[6.43832223e-05 6.43832223e-05 6.39324135e-05]
143	[6.43832223e-05 6.43832223e-05 6.39324135e-05]
144	[6.43832223e-05 6.43832223e-05 6.39324135e-05]
145	[6.43832223e-05 6.43832223e-05 6.39324135e-05]
146	[6.43832223e-05 6.43832223e-05 6.39324135e-05]
147	[6.43832223e-05 6.43832223e-05 6.39324135e-05]
148	[6.43832223e-05 6.43832223e-05 6.39324135e-05]
149	[6.43832223e-05 6.43832223e-05 6.39324135e-05]
150	[6.43832223e-05 6.43832223e-05 6.39324135e-05]
151	[6.43832223e-05 6.43832223e-05 6.39324135e-05]
152	[6.43832223e-05 6.43832223e-05 6.39324135e-05]
153	[6.43832223e-05 6.43832223e-05 6.39324135e-05]
154	[6.43832223e-05 6.43832223e-05 6.39324135e-05]
155	[6.43832223e-05 6.43832223e-05 6.39324135e-05]
156	[6.43832223e-05 6.43832223e-05 6.39324135e-05]
157	[6.43832223e-05 6.43832223e-05 6.39324135e-05]
158	[6.43832223e-05 6.43832223e-05 6.39324135e-05]
159	[6.43832223e-05 6.40699331e-05 6.39324135e-05]
160	[6.43832223e-05 6.40699331e-05 6.39324135e-05]
161	[6.43832223e-05 6.40699331e-05 6.39324135e-05]
162	[6.43832223e-05 6.40699331e-05 6.39324135e-05]
163	[6.43832223e-05 6.40699331e-05 6.39324135e-05]
164	[6.43832223e-05 6.40699331e-05 6.39324135e-05]
165	[6.43832223e-05 6.40699331e-05 6.39324135e-05]
166	[6.43832223e-05 6.40699331e-05 6.39324135e-05]
167	[6.43832223e-05 6.40699331e-05 6.39324135e-05]
168	[6.43832223e-05 6.40699331e-05 6.39324135e-05]
169	[6.43832223e-05 6.40699331e-05 6.39324135e-05]
170	[6.43832223e-05 6.40699331e-05 6.39324135e-05]
171	[6.43832223e-05 6.40699331e-05 6.39324135e-05]
172	[6.43832223e-05 6.40699331e-05 6.39324135e-05]
173	[6.43832223e-05 6.40699331e-05 6.39324135e-05]
174	[6.43832223e-05 6.40699331e-05 6.39324135e-05]
175	[6.43832223e-05 6.40699331e-05 6.39324135e-05]
176	[6.43832223e-05 6.40699331e-05 6.39324135e-05]
177	[6.43832223e-05 6.40699331e-05 6.39324135e-05]
178	[6.43832223e-05 6.40699331e-05 6.39324135e-05]
179	[6.43832223e-05 6.40699331e-05 6.39324135e-05]
180	[6.43832223e-05 6.40699331e-05 6.39324135e-05]
181	[6.43832223e-05 6.40699331e-05 6.39324135e-05]
182	[6.43832223e-05 6.40699331e-05 6.39324135e-05]
183	[6.43832223e-05 6.40699331e-05 6.39324135e-05]
184	[6.43832223e-05 6.40699331e-05 6.39324135e-05]
185	[6.43832223e-05 6.40699331e-05 6.39324135e-05]
186	[6.43832223e-05 6.40699331e-05 6.39324135e-05]
187	[6.43832223e-05 6.40699331e-05 6.39324135e-05]
188	[6.43832223e-05 6.40699331e-05 6.39324135e-05]
189	[6.43832223e-05 6.40699331e-05 6.39324135e-05]
190	[6.43832223e-05 6.40699331e-05 6.39324135e-05]
191	[6.43832223e-05 6.40699331e-05 6.39324135e-05]
192	[6.43832223e-05 6.40699331e-05 6.39324135e-05]
193	[6.43832223e-05 6.40699331e-05 6.39324135e-05]
194	[6.43832223e-05 6.40699331e-05 6.39324135e-05]
195	[6.43832223e-05 6.40699331e-05 6.39324135e-05]
196	[6.43832223e-05 6.40699331e-05 6.39324135e-05]
197	[6.43832223e-05 6.40699331e-05 6.39324135e-05]
198	[6.43832223e-05 6.40699331e-05 6.39324135e-05]
199	[6.43832223e-05 6.40699331e-05 6.39324135e-05]
200	[6.43832223e-05 6.40699331e-05 6.39324135e-05]
201	[6.43832223e-05 6.40699331e-05 6.39324135e-05]
202	[6.43832223e-05 6.40699331e-05 6.39324135e-05]
203	[6.43832223e-05 6.40699331e-05 6.39324135e-05]
204	[6.43832223e-05 6.40699331e-05 6.39324135e-05]
205	[6.43832223e-05 6.40699331e-05 6.39324135e-05]
206	[6.43832223e-05 6.40699331e-05 6.39324135e-05]
207	[6.43832223e-05 6.40699331e-05 6.39324135e-05]
208	[6.43832223e-05 6.40699331e-05 6.39324135e-05]
209	[6.43832223e-05 6.40699331e-05 6.39324135e-05]
210	[6.43832223e-05 6.40699331e-05 6.39324135e-05]
211	[6.43832223e-05 6.40699331e-05 6.39324135e-05]
212	[6.43832223e-05 6.40699331e-05 6.39324135e-05]
213	[6.43832223e-05 6.40699331e-05 6.39324135e-05]
214	[6.43832223e-05 6.40699331e-05 6.39324135e-05]
215	[6.43832223e-05 6.40699331e-05 6.39324135e-05]
216	[6.43832223e-05 6.40699331e-05 6.39324135e-05]
217	[6.43832223e-05 6.40699331e-05 6.39324135e-05]
218	[6.43832223e-05 6.40699331e-05 6.39324135e-05]
219	[6.43832223e-05 6.40699331e-05 6.39324135e-05]
220	[6.43832223e-05 6.40699331e-05 6.39324135e-05]
221	[6.43832223e-05 6.40699331e-05 6.39324135e-05]
222	[6.43832223e-05 6.40699331e-05 6.39324135e-05]
223	[6.43832223e-05 6.40699331e-05 6.39324135e-05]
224	[6.43832223e-05 6.40699331e-05 6.39324135e-05]
225	[6.43832223e-05 6.40699331e-05 6.39324135e-05]
226	[6.43832223e-05 6.40699331e-05 6.39324135e-05]
227	[6.43832223e-05 6.40699331e-05 6.39324135e-05]
228	[6.43832223e-05 6.40699331e-05 6.39324135e-05]
229	[6.43832223e-05 6.40699331e-05 6.39324135e-05]
230	[6.43832223e-05 6.40699331e-05 6.39324135e-05]
231	[6.43832223e-05 6.40699331e-05 6.39324135e-05]
232	[6.43832223e-05 6.40699331e-05 6.39324135e-05]
233	[6.43832223e-05 6.40699331e-05 6.39324135e-05]
234	[6.43832223e-05 6.40699331e-05 6.39324135e-05]
235	[6.43832223e-05 6.40699331e-05 6.39324135e-05]
236	[6.43832223e-05 6.40699331e-05 6.39324135e-05]
237	[6.43832223e-05 6.40699331e-05 6.39324135e-05]
238	[6.43832223e-05 6.40699331e-05 6.39324135e-05]
239	[6.43832223e-05 6.40699331e-05 6.39324135e-05]
240	[6.43832223e-05 6.40699331e-05 6.39324135e-05]
241	[6.43832223e-05 6.40699331e-05 6.39324135e-05]
242	[6.43832223e-05 6.40699331e-05 6.39324135e-05]
243	[6.43832223e-05 6.40699331e-05 6.39324135e-05]
244	[6.43832223e-05 6.40699331e-05 6.39324135e-05]
245	[6.43832223e-05 6.40699331e-05 6.39324135e-05]
246	[6.43832223e-05 6.40699331e-05 6.39324135e-05]
247	[6.43832223e-05 6.40699331e-05 6.39324135e-05]
248	[6.43832223e-05 6.40699331e-05 6.39324135e-05]
249	[6.43832223e-05 6.40699331e-05 6.39324135e-05]
0	[6.39324135e-05 6.39324135e-05 6.39324135e-05]
1	[6.39324135e-05 6.39324135e-05 6.39324135e-05]
2	[6.39324135e-05 6.39324135e-05 6.39324135e-05]
3	[6.39324135e-05 6.39324135e-05 6.39324135e-05]
4	[6.39324135e-05 6.39324135e-05 6.39324135e-05]
5	[6.39324135e-05 6.39324135e-05 6.39324135e-05]
6	[6.39324135e-05 6.39324135e-05 6.39324135e-05]
7	[6.39324135e-05 6.39324135e-05 6.39324135e-05]
8	[6.39324135e-05 6.39324135e-05 6.39324135e-05]
9	[6.39324135e-05 6.39324135e-05 6.39324135e-05]
10	[6.39324135e-05 6.39324135e-05 6.39324135e-05]
11	[6.39324135e-05 6.39324135e-05 6.39324135e-05]
12	[6.39324135e-05 6.39324135e-05 6.39324135e-05]
13	[6.39324135e-05 6.39324135e-05 6.39324135e-05]
14	[6.39324135e-05 6.39324135e-05 6.39324135e-05]
15	[6.39324135e-05 6.39324135e-05 6.39324135e-05]
16	[6.39324135e-05 6.39324135e-05 6.39324135e-05]
17	[6.39324135e-05 6.39324135e-05 6.39324135e-05]
18	[6.39324135e-05 6.39324135e-05 6.39324135e-05]
19	[6.39324135e-05 6.39324135e-05 6.39324135e-05]
20	[6.39324135e-05 6.39324135e-05 6.39324135e-05]
21	[6.39324135e-05 6.39324135e-05 6.39324135e-05]
22	[6.39324135e-05 6.39324135e-05 6.39324135e-05]
23	[6.39324135e-05 6.39324135e-05 6.39324135e-05]
24	[6.39324135e-05 6.39324135e-05 6.39324135e-05]
25	[6.39324135e-05 6.39324135e-05 6.39324135e-05]
26	[6.39324135e-05 6.39324135e-05 6.39324135e-05]
27	[6.39324135e-05 6.39324135e-05 6.39324135e-05]
28	[6.39324135e-05 6.39324135e-05 6.39324135e-05]
29	[6.39324135e-05 6.39324135e-05 6.39324135e-05]
30	[6.39324135e-05 6.39324135e-05 6.39324135e-05]
31	[6.39046437e-05 6.39324135e-05 6.39324135e-05]
32	[6.39046437e-05 6.39324135e-05 6.39324135e-05]
33	[6.39046437e-05 6.39324135e-05 6.39324135e-05]
34	[6.39046437e-05 6.39324135e-05 6.39324135e-05]
35	[6.39046437e-05 6.39324135e-05 6.39324135e-05]
36	[6.39046437e-05 6.39324135e-05 6.39324135e-05]
37	[6.39046437e-05 6.39324135e-05 6.39324135e-05]
38	[6.39046437e-05 6.39324135e-05 6.39324135e-05]
39	[6.39046437e-05 6.39324135e-05 6.39324135e-05]
40	[6.39046437e-05 6.39324135e-05 6.39324135e-05]
41	[6.39046437e-05 6.39324135e-05 6.39324135e-05]
42	[6.39046437e-05 6.39324135e-05 6.39324135e-05]
43	[6.39046437e-05 6.39324135e-05 6.39324135e-05]
44	[6.39046437e-05 6.39324135e-05 6.39324135e-05]
45	[6.39046437e-05 6.39324135e-05 6.39324135e-05]
46	[6.39046437e-05 6.39324135e-05 6.39324135e-05]
47	[6.39046437e-05 6.39324135e-05 6.39324135e-05]
48	[6.39046437e-05 6.39324135e-05 6.39324135e-05]
49	[6.39046437e-05 6.39324135e-05 6.39324135e-05]
50	[6.39046437e-05 6.39324135e-05 6.39324135e-05]
51	[6.39046437e-05 6.39324135e-05 6.39324135e-05]
52	[6.39046437e-05 6.39324135e-05 6.39324135e-05]
53	[6.39046437e-05 6.39324135e-05 6.39324135e-05]
54	[6.39046437e-05 6.39324135e-05 6.39324135e-05]
55	[6.39046437e-05 6.39324135e-05 6.39324135e-05]
56	[6.39046437e-05 6.39324135e-05 6.39324135e-05]
57	[6.39046437e-05 6.39324135e-05 6.39324135e-05]
58	[6.39046437e-05 6.39324135e-05 6.39324135e-05]
59	[6.39046437e-05 6.39324135e-05 6.39324135e-05]
60	[6.39046437e-05 6.39324135e-05 6.39324135e-05]
61	[6.39046437e-05 6.39324135e-05 6.39324135e-05]
62	[6.39046437e-05 6.39324135e-05 6.39324135e-05]
63	[6.39046437e-05 6.39324135e-05 6.39324135e-05]
64	[6.39046437e-05 6.39324135e-05 6.39324135e-05]
65	[6.39046437e-05 6.39324135e-05 6.39324135e-05]
66	[6.39046437e-05 6.39324135e-05 6.39324135e-05]
67	[6.39046437e-05 6.39324135e-05 6.39324135e-05]
68	[6.39046437e-05 6.39324135e-05 6.39324135e-05]
69	[6.39046437e-05 6.39324135e-05 6.39324135e-05]
70	[6.39046437e-05 6.39324135e-05 6.39324135e-05]
71	[6.39046437e-05 6.39324135e-05 6.39324135e-05]
72	[6.39046437e-05 6.39324135e-05 6.39324135e-05]
73	[6.39046437e-05 6.39324135e-05 6.39324135e-05]
74	[6.39046437e-05 6.39324135e-05 6.39324135e-05]
75	[6.39046437e-05 6.39324135e-05 6.39324135e-05]
76	[6.39046437e-05 6.39324135e-05 6.39324135e-05]
77	[6.39046437e-05 6.39324135e-05 6.39324135e-05]
78	[6.39046437e-05 6.39324135e-05 6.39324135e-05]
79	[6.39046437e-05 6.39324135e-05 6.39324135e-05]
80	[6.39046437e-05 6.39324135e-05 6.39324135e-05]
81	[6.39046437e-05 6.39324135e-05 6.39324135e-05]
82	[6.39046437e-05 6.39324135e-05 6.39324135e-05]
83	[6.39046437e-05 6.39324135e-05 6.39324135e-05]
84	[6.39046437e-05 6.39324135e-05 6.39324135e-05]
85	[6.39046437e-05 6.39324135e-05 6.39324135e-05]
86	[6.39046437e-05 6.39324135e-05 6.39324135e-05]
87	[6.39046437e-05 6.39324135e-05 6.39324135e-05]
88	[6.39046437e-05 6.39324135e-05 6.39324135e-05]
89	[6.39046437e-05 6.39324135e-05 6.39324135e-05]
90	[6.39046437e-05 6.39324135e-05 6.39324135e-05]
91	[6.39046437e-05 6.39324135e-05 6.39324135e-05]
92	[6.39046437e-05 6.39324135e-05 6.39324135e-05]
93	[6.39046437e-05 6.39324135e-05 6.39324135e-05]
94	[6.39046437e-05 6.39324135e-05 6.39324135e-05]
95	[6.39046437e-05 6.39324135e-05 6.39324135e-05]
96	[6.39046437e-05 6.39324135e-05 6.29314071e-05]
97	[6.39046437e-05 6.39324135e-05 6.29314071e-05]
98	[6.39046437e-05 6.39324135e-05 6.29314071e-05]
99	[6.39046437e-05 6.39324135e-05 6.29314071e-05]
100	[6.39046437e-05 6.39324135e-05 6.29314071e-05]
101	[6.39046437e-05 6.39324135e-05 6.29314071e-05]
102	[6.39046437e-05 6.39324135e-05 6.29314071e-05]
103	[6.39046437e-05 6.39324135e-05 6.29314071e-05]
104	[6.39046437e-05 6.39324135e-05 6.29314071e-05]
105	[6.39046437e-05 6.39324135e-05 6.29314071e-05]
106	[6.39046437e-05 6.39324135e-05 6.29314071e-05]
107	[6.39046437e-05 6.39324135e-05 6.29314071e-05]
108	[6.39046437e-05 6.39324135e-05 6.29314071e-05]
109	[6.39046437e-05 6.39324135e-05 6.29314071e-05]
110	[6.39046437e-05 6.39324135e-05 6.29314071e-05]
111	[6.39046437e-05 6.39324135e-05 6.29314071e-05]
112	[6.39046437e-05 6.39324135e-05 6.29314071e-05]
113	[6.39046437e-05 6.39324135e-05 6.29314071e-05]
114	[6.39046437e-05 6.39324135e-05 6.29314071e-05]
115	[6.39046437e-05 6.39324135e-05 6.29314071e-05]
116	[6.39046437e-05 6.39324135e-05 6.29314071e-05]
117	[6.39046437e-05 6.39324135e-05 6.29314071e-05]
118	[6.39046437e-05 6.39324135e-05 6.29314071e-05]
119	[6.39046437e-05 6.39324135e-05 6.29314071e-05]
120	[6.39046437e-05 6.39324135e-05 6.29314071e-05]
121	[6.39046437e-05 6.39324135e-05 6.29314071e-05]
122	[6.39046437e-05 6.39324135e-05 6.29314071e-05]
123	[6.39046437e-05 6.39324135e-05 6.29314071e-05]
124	[6.39046437e-05 6.39324135e-05 6.29314071e-05]
0	[6.29314071e-05 6.29314071e-05 6.29314071e-05]
1	[6.29314071e-05 6.29314071e-05 6.29314071e-05]
2	[6.29314071e-05 6.29314071e-05 6.29314071e-05]
3	[6.29314071e-05 6.29314071e-05 6.29314071e-05]
4	[6.29314071e-05 6.29314071e-05 6.29314071e-05]
5	[6.29314071e-05 6.29314071e-05 6.29314071e-05]
6	[6.29314071e-05 6.29314071e-05 6.29314071e-05]
7	[6.29314071e-05 6.29314071e-05 6.29314071e-05]
8	[6.29314071e-05 6.29314071e-05 6.29314071e-05]
9	[6.29314071e-05 6.29314071e-05 6.29314071e-05]
10	[6.29314071e-05 6.29314071e-05 6.29314071e-05]
11	[6.29314071e-05 6.29314071e-05 6.29314071e-05]
12	[6.29314071e-05 6.29314071e-05 6.29314071e-05]
13	[6.29314071e-05 6.29314071e-05 6.29314071e-05]
14	[6.29314071e-05 6.29314071e-05 6.29314071e-05]
15	[6.29314071e-05 6.29314071e-05 6.29314071e-05]
16	[6.29314071e-05 6.29314071e-05 6.29314071e-05]
17	[6.29314071e-05 6.29314071e-05 6.29314071e-05]
18	[6.29314071e-05 6.29314071e-05 6.29314071e-05]
19	[6.29314071e-05 6.29314071e-05 6.29314071e-05]
20	[6.29314071e-05 6.29314071e-05 6.29314071e-05]
21	[6.29314071e-05 6.29314071e-05 6.29314071e-05]
22	[6.29314071e-05 6.29314071e-05 6.29314071e-05]
23	[6.29314071e-05 6.29314071e-05 6.29314071e-05]
24	[6.29314071e-05 6.29314071e-05 6.29314071e-05]
25	[6.29314071e-05 6.29314071e-05 6.29314071e-05]
26	[6.29314071e-05 6.29314071e-05 6.29314071e-05]
27	[6.29314071e-05 6.29314071e-05 6.29314071e-05]
28	[6.29314071e-05 6.29314071e-05 6.29314071e-05]
29	[6.29314071e-05 6.29314071e-05 6.29314071e-05]
30	[6.29314071e-05 6.29314071e-05 6.29314071e-05]
31	[6.29314071e-05 6.29314071e-05 6.29314071e-05]
32	[6.29314071e-05 6.29314071e-05 6.29314071e-05]
33	[6.29314071e-05 6.29314071e-05 6.29314071e-05]
34	[6.29314071e-05 6.29314071e-05 6.29314071e-05]
35	[6.29314071e-05 6.29314071e-05 6.29314071e-05]
36	[6.29314071e-05 6.28195871e-05 6.29314071e-05]
37	[6.29314071e-05 6.28195871e-05 6.29314071e-05]
38	[6.29314071e-05 6.28195871e-05 6.29314071e-05]
39	[6.29314071e-05 6.28195871e-05 6.29314071e-05]
40	[6.29314071e-05 6.28195871e-05 6.29314071e-05]
41	[6.29314071e-05 6.28195871e-05 6.29314071e-05]
42	[6.29314071e-05 6.28195871e-05 6.29314071e-05]
43	[6.29314071e-05 6.28195871e-05 6.29314071e-05]
44	[6.29314071e-05 6.28195871e-05 6.29314071e-05]
45	[6.29314071e-05 6.28195871e-05 6.29314071e-05]
46	[6.29314071e-05 6.28195871e-05 6.29314071e-05]
47	[6.29314071e-05 6.28195871e-05 6.29314071e-05]
48	[6.29314071e-05 6.28195871e-05 6.29314071e-05]
49	[6.29314071e-05 6.28195871e-05 6.29314071e-05]
50	[6.29314071e-05 6.28195871e-05 6.29314071e-05]
51	[6.29314071e-05 6.28195871e-05 6.29314071e-05]
52	[6.29314071e-05 6.28195871e-05 6.29314071e-05]
53	[6.29314071e-05 6.28195871e-05 6.29314071e-05]
54	[6.29314071e-05 6.28195871e-05 6.29314071e-05]
55	[6.29314071e-05 6.28195871e-05 6.29314071e-05]
56	[6.29314071e-05 6.28195871e-05 6.29314071e-05]
57	[6.29314071e-05 6.28195871e-05 6.29314071e-05]
58	[6.29314071e-05 6.28195871e-05 6.29314071e-05]
59	[6.29314071e-05 6.28195871e-05 6.29314071e-05]
60	[6.29314071e-05 6.28195871e-05 6.29314071e-05]
61	[6.29314071e-05 6.28195871e-05 6.29314071e-05]
